Timestamp,GazeX,GazeY
434061372.3692,2863.15919706974,549.380782292744
434061380.213,2861.83966102477,549.182461587799
434061390.3124,2862.61519311246,549.144100054789
434061403.5287,2860.41079045757,548.435169250903
434061414.3836,2838.68962214284,545.74786222731
434061423.5482,2723.76210321459,534.598147322129
434061448.4559,2574.00586078768,520.243658439832
434061456.9687,2421.94451837895,502.657658952642
434061468.1487,2396.10437715931,499.88643129228
434061480.9864,2373.47141416808,497.625530443659
434061490.373,2313.20880453617,490.34223594053
434061501.4824,2231.51066089811,480.532586002962
434061514.1612,2208.15675118818,477.519458221457
434061526.7799,2204.7669127287,477.593607015045
434061535.1071,2203.35426325085,480.031156886663
434061547.8494,2202.78711395826,478.564745379525
434061557.1686,2202.11705715637,478.317452479996
434061568.1747,2200.878016151,478.356506117448
434061580.7589,2193.71664853129,477.237643809137
434061590.0931,2186.98753962192,475.746213836813
434061603.8003,2168.39157280795,470.403680793705
434061615.4034,2159.24876750557,467.882387538992
434061623.6191,2147.43511699825,465.031944359321
434061648.6964,2137.16414845117,462.548034282102
434061656.7219,2088.78662709239,435.077991464114
434061668.1557,2087.09609432007,429.134946782531
434061680.6062,2085.11133555654,420.76704651879
434061690.098,2073.22916615945,387.925353924615
434061701.3411,2070.80803205195,380.989881694716
434061713.623,2067.72286968514,371.08535040349
434061726.768,2064.84656369096,361.362217794596
434061734.8295,2060.8617702936,349.117692016226
434061747.5229,2050.8245443229,315.559185665939
434061756.6744,2050.35761605345,311.755965625039
434061767.9516,2056.30603844347,309.671247713644
434061780.4066,2053.33741327469,308.738476075657
434061790.1487,2054.08640104558,308.536677858836
434061804.5083,2052.88327651618,307.33885895809
434061813.9098,2052.81282206058,305.545418274765
434061823.2658,2051.95586902476,304.822505513556
434061835.3064,2051.54403332463,305.818567818086
434061847.1399,2049.24193489492,306.711889567681
434061856.8074,2049.75667491345,305.924363566127
434061867.9419,2049.1780106842,306.089263740684
434061882.2307,2050.27500014023,305.704566692711
434061890.038,2050.71699637234,305.778305936452
434061901.342,2050.84798933214,307.286285911767
434061914.118,2049.36244216425,308.639804992159
434061923.4174,2049.95267562501,310.120222497079
434061934.3776,2049.5448312094,311.815293362293
434061947.1452,2049.45886427435,312.391621090969
434061959.0764,2047.24607580425,313.259347944845
434061968.1408,2046.38393468833,314.042596377293
434061980.7625,2048.72140488601,312.924649568797
434062005.1988,2050.33952554029,314.11086827127
434062014.8987,2177.22826850281,321.998900907293
434062023.0441,2182.14701579382,322.310092369905
434062035.006,2187.54406722469,322.801532140591
434062046.2314,2190.25089584519,322.861758481679
434062056.4457,2196.23026446898,323.244223635879
434062081.6311,2200.89828601745,323.513897211916
434062089.8493,2205.51757732157,325.550335110866
434062101.3952,2204.7453739011,329.460158637986
434062114.1295,2205.58933071687,328.743579331825
434062123.1277,2205.53751386128,328.581033735913
434062134.545,2205.53860356485,327.319743563234
434062147.0874,2205.38868435883,327.207371447752
434062158.1352,2205.87598426456,327.522743951694
434062167.6267,2207.05073959709,330.22924023976
434062180.2646,2206.99404859458,330.030605490718
434062205.7749,2207.94997324126,330.040441777845
434062214.6072,2208.41118242698,329.527172728069
434062237.5977,2175.18610965633,370.877262822293
434062246.7333,2136.19979505926,411.672279293607
434062255.9542,2070.42992678008,455.230631143769
434062268.9678,1992.96288820779,463.275056178115
434062280.6124,1961.87925183571,476.225324061493
434062289.5075,1945.51302765157,493.067291961802
434062300.6157,1953.63309712478,493.391028530796
434062314.5814,1952.88670121502,493.867266042579
434062322.8326,1949.58411541233,499.627977281073
434062333.9883,1953.05769752059,500.103521339752
434062346.5626,1984.6361207585,481.371597757944
434062356.058,2002.57716799713,468.632577725902
434062367.2313,2017.5061429198,461.194363462065
434062379.6577,2048.37213214804,445.185443043185
434062393.8635,2125.05890770402,393.123680172429
434062400.7974,2129.77080971705,388.596429815063
434062413.9756,2149.95132322546,375.73952381027
434062425.0513,2166.34159304468,366.363215405923
434062434.3018,2192.58394681829,356.165931534326
434062446.8352,2211.45172264816,343.424424441729
434062471.6013,2222.54418887853,336.94192288265
434062480.5492,2223.98785073466,334.207159675877
434062489.4831,2224.02515967253,334.817736760462
434062501.7512,2225.00000521647,335.770089857251
434062514.0357,2225.33942666244,335.505209851751
434062522.7675,2226.13341650135,335.823919216562
434062534.0914,2226.12910439322,335.297498589758
434062547.2737,2226.26800387983,335.778997406491
434062556.1735,2226.25132016853,336.316060128068
434062567.2491,2226.39512961613,337.28222117662
434062582.195,2226.36977763401,337.727243615636
434062589.3969,2226.11360742883,339.406316770732
434062600.8006,2224.86795072617,339.885105234749
434062614.0219,2224.87962990218,340.679816039003
434062622.65,2223.60268205958,342.868663481922
434062634.0437,2223.14600384471,344.813539300309
434062646.9343,2223.58745001908,344.196275830508
434062656.1654,2222.6705901796,344.886842082655
434062672.088,2227.90686907526,345.059915694813
434062680.184,2301.88628074117,347.339706288294
434062689.3114,2399.96844614879,349.498475534924
434062702.7544,2453.16497994469,347.86131337598
434062714.4811,2474.78180464959,346.859470373376
434062722.5388,2491.67607144049,346.488180589561
434062733.8415,2507.20154946751,346.925628566994
434062748.3906,2508.19610560737,347.036348958569
434062755.9198,2512.18385420231,346.279302754637
434062767.1213,2513.68479404816,345.992356663984
434062782.3211,2513.94729612155,347.537608190267
434062789.2114,2514.95180772081,347.697826648704
434062800.5404,2512.03810114821,347.487055005959
434062813.409,2510.63923754375,347.283236933917
434062825.7236,2511.34759245615,346.946787326732
434062833.8532,2511.75875165556,346.146927459838
434062846.5271,2514.46225502948,344.774656422842
434062856.1014,2513.82338723002,345.194057212412
434062866.6843,2515.28956525976,346.044678676241
434062880.2846,2514.6816696181,346.828804543409
434062888.9415,2514.64126065926,347.642745448834
434062902.5644,2515.69598509007,345.920293123594
434062914.0145,2517.35528499479,347.451383710145
434062922.5343,2527.67473607753,353.314504864584
434062947.448,2553.68658184445,366.402979837257
434062955.8415,2586.61489174588,382.08303733838
434062967.4309,2600.97209753725,388.936969761085
434062982.2903,2608.37611050601,392.452988621405
434062989.2048,2615.21210057225,396.358162186394
434063000.5673,2618.98647826185,398.669514885982
434063013.4701,2615.41103178215,398.148846936287
434063025.8811,2617.16987179356,397.949145336522
434063033.87,2617.31304132673,397.515521328487
434063046.8435,2619.57761063923,396.849696412133
434063055.9705,2618.20923009383,397.058229764792
434063067.1443,2624.96245540902,396.25559901926
434063079.5541,2632.27102820042,395.783229084629
434063089.0136,2636.86722792589,395.184210824375
434063102.6689,2648.96927989889,392.804865147115
434063113.3706,2653.86815340344,391.713171849147
434063122.4695,2662.82716248996,387.395136956952
434063147.9158,2672.00997698468,384.021835724274
434063155.7452,2672.79211993257,383.11507529263
434063166.9145,2672.29977694137,383.237206886177
434063180.2406,2670.9998675823,382.029793004829
434063193.4919,2670.48597452198,382.227795215534
434063200.2013,2670.58307514104,382.227645384235
434063212.9692,2671.66119377802,381.513140976274
434063224.5529,2671.69134840913,381.282102439488
434063233.6952,2671.47456041097,380.804877889258
434063245.9125,2671.56853612335,379.391611404467
434063270.3379,2671.67310524618,378.671421399254
434063279.4311,2673.56451828137,376.880305921173
434063289.2811,2673.53815565675,375.351415310996
434063302.2494,2674.11308186033,375.312452442955
434063312.3348,2673.31915563139,374.862903355647
434063322.0677,2673.26148924579,374.532723559052
434063334.1679,2673.58891423257,374.430309246395
434063345.9219,2673.98927085595,374.516328650937
434063355.6294,2674.34859581311,375.586197008585
434063366.6169,2674.91640791832,375.801454662422
434063380.8593,2675.32487834073,375.921256066261
434063388.6418,2675.73608166937,376.553527898455
434063399.8524,2674.98199877718,377.335609388617
434063412.3229,2674.90617326677,380.07770976889
434063422.0809,2674.85375927802,380.011184894756
434063433.4585,2674.77578990388,379.244567064054
434063446.9085,2674.57813801411,378.303367815425
434063455.47,2675.57292112146,378.640301375623
434063466.6751,2676.0982997739,379.220932268375
434063480.0614,2677.92074447003,379.226817977064
434063490.7345,2678.1460470163,379.062160708416
434063499.9675,2678.19221425052,379.772829749708
434063513.2468,2678.16198265847,380.232644929255
434063537.3654,2678.31647880766,380.932926401709
434063546.2518,2677.61272753584,379.956222916926
434063555.3439,2677.75634790897,378.831156910676
434063567.4781,2677.10433766093,378.097061250921
434063579.8624,2676.7533133648,377.76343416571
434063588.6252,2676.1894653892,377.475691388167
434063613.5718,2676.21832020706,376.607818744448
434063621.9557,2676.54452282932,375.309468172451
434063633.2193,2676.40524890501,375.463143024623
434063646.3908,2677.95782710568,375.829208998029
434063655.1705,2678.42975510125,376.101638887782
434063666.5576,2678.21023083345,375.215292832273
434063679.5602,2678.29129437861,375.333170866141
434063690.3437,2678.09817865163,375.277600004552
434063700.1971,2675.56724664826,376.200855335018
434063712.8083,2674.05270682978,377.385858212291
434063722.0455,2673.27371009802,379.235880952761
434063736.6267,2673.67149401094,380.799465021177
434063746.4759,2672.84057604257,381.187790620561
434063755.2228,2672.50192488305,380.237239515556
434063766.9811,2671.85207872421,380.06340861924
434063779.5066,2671.96349520126,379.829024902049
434063788.5749,2674.26602779491,377.609976663985
434063813.6722,2676.21407122986,376.9253349282
434063821.9002,2677.74982693944,375.868285983968
434063833.2599,2678.16119545502,377.152099017362
434063849.1781,2679.53330626148,379.807265167316
434063855.4072,2679.98685187115,379.878670977351
434063866.2811,2680.01728685366,381.192526743412
434063879.6533,2679.87945019228,381.070636393026
434063888.5533,2679.91942689823,382.272249877572
434063899.77,2678.95394033503,382.396643098243
434063912.4267,2679.07626680338,382.742797583321
434063922.2147,2679.36301224103,382.465762689594
434063933.0532,2679.28913422919,382.03535552634
434063945.7245,2680.43183729228,381.662331044936
434063955.2698,2681.06263604331,387.550118938968
434063968.6794,2673.6606307801,396.684554983332
434063979.0039,2641.54543563817,427.834306311531
434063988.4768,2629.27331688775,438.176151877881
434064013.4952,2620.85618617491,444.592049113412
434064021.7779,2605.18107321776,455.642912358187
434064032.9489,2595.40729326284,461.983121993388
434064061.7944,2569.69313128724,478.674487274033
434064066.2796,2569.40689026579,478.221839713049
434064079.5555,2569.67506071488,475.189880288346
434064088.457,2568.8148390039,475.991044216493
434064099.7645,2569.02291563092,474.25773313758
434064112.2722,2574.19047901547,463.199356516099
434064122.7525,2575.19241794271,461.220674862325
434064132.9508,2576.0111236596,458.727175436252
434064145.8671,2576.21667800287,457.570511592358
434064154.942,2577.15874324567,453.955128388096
434064168.6652,2577.29809609136,450.986547301386
434064179.3083,2577.28191179556,450.242141458772
434064188.3293,2576.04267891782,450.218160303941
434064214.4874,2575.31303224483,449.237387115099
434064221.8109,2575.23147193866,448.301918632393
434064232.9528,2575.15976165948,447.253926752752
434064260.6872,2573.97014293675,445.053114587676
434064266.3593,2573.98102841385,445.084404706389
434064278.9628,2574.15003098227,444.840831182732
434064292.4084,2573.06291184312,445.312018714271
434064299.8455,2573.725774631,446.331866384878
434064312.6603,2573.92464798943,445.824397130504
434064322.3813,2574.29357845634,446.310714820141
434064332.826,2573.66977964167,446.339141745979
434064346.1002,2573.10550929375,446.682176170887
434064368.2021,2572.85488768046,446.780139020136
434064380.2296,2573.17017102462,445.716285308519
434064388.1787,2573.43726434798,444.306951571083
434064399.42,2574.09834509347,442.335071448956
434064414.1906,2575.16971456697,442.886287744629
434064421.5048,2574.88267663643,442.544897816063
434064432.5945,2574.82715964818,442.167323219592
434064461.4849,2574.40532342461,442.021847936622
434064466.1121,2575.27365726601,442.188557101563
434064479.0465,2575.97538221527,442.872082962096
434064493.0085,2576.01380179592,442.904942678837
434064499.1384,2575.80295873903,444.117753649051
434064511.1798,2575.57291884491,444.356020235332
434064524.9954,2575.62485968364,444.736955932627
434064532.4267,2575.69182183144,445.206708547357
434064545.0448,2576.94983200339,444.878452909987
434064554.9483,2576.10297744429,444.944386792974
434064565.9647,2575.625767682,444.686865207585
434064578.8605,2574.54313439734,445.053338734338
434064602.1206,2575.05595919858,445.600237894478
434064612.9193,2576.79071192054,446.505852000509
434064621.3277,2577.2968880783,447.225269437819
434064632.8262,2576.93260503615,447.01904413156
434064645.6073,2577.1919879966,447.359062693058
434064654.7128,2577.34879537073,447.763868522574
434064665.7513,2576.62765682078,448.229596009601
434064681.3358,2576.57253673315,448.500676047758
434064687.9572,2576.58470687029,448.399030385117
434064699.1816,2575.30351055301,447.525036564906
434064712.1643,2573.88361917751,446.793593043576
434064726.4017,2572.50630622811,447.297115429985
434064732.5269,2572.04322303793,447.308561084771
434064745.6067,2571.16560415263,446.548109303423
434064757.7204,2571.0368422157,446.46306566905
434064765.8075,2570.57635313237,446.293663319543
434064778.9011,2570.34276749835,446.207868250537
434064788.0516,2570.24615852742,445.657723997667
434064799.0538,2570.44818357417,445.3473113301
434064812.2406,2570.45667611492,445.143368001105
434064821.2705,2570.32321888322,443.950064863535
434064834.2734,2570.42892026826,443.663783413542
434064845.2141,2570.47256515063,442.714629909291
434064854.343,2570.62517485781,442.508217575759
434064866.1849,2570.56241771606,442.298725505205
434064878.9766,2571.91416149879,442.089039789944
434064887.7225,2572.08311464732,441.651674430581
434064899.0093,2571.92028498371,440.685022379613
434064913.7541,2571.75710951155,439.543737509852
434064921.0605,2572.47318378189,437.137134859
434064932.3477,2572.63271737911,436.690797768769
434064945.9493,2572.59255310754,435.620341328118
434064957.4632,2572.48330883957,435.158404903724
434064965.7306,2572.13725434154,434.470577957863
434064978.5217,2571.59460672993,433.172216432459
434064988.2816,2571.04718442695,432.909363067163
434064998.8953,2571.10475779259,433.037048630427
434065012.2079,2571.07574020603,432.93098932744
434065020.9656,2572.75525323071,434.051687390993
434065035.0308,2573.61894431771,433.53051205501
434065045.2386,2573.83578191583,433.67189857251
434065054.2021,2573.91173907935,433.666670804586
434065065.722,2573.43242488553,433.984340678484
434065078.8731,2570.92285773503,434.270487277645
434065087.5756,2570.65894123721,434.396857124193
434065112.2495,2570.55242949736,434.630084430478
434065114.7834,2570.4505282212,435.388098005364
434065121.2151,2570.12659554553,435.334449414192
434065132.3144,2571.42751188959,436.394719172563
434065145.0942,2571.63095395156,436.501987530329
434065158.7797,2571.93011911464,437.384642193456
434065165.5293,2571.75322342314,437.03118068995
434065178.5703,2571.35784060351,436.31251787615
434065189.7469,2571.54520598171,435.338015507153
434065198.6565,2571.55528977336,435.195573359525
434065211.9902,2571.853794717,435.41383687782
434065220.9056,2572.3557621121,436.064394583382
434065232.0785,2572.12066399189,435.87563570542
434065245.135,2573.36045834416,434.414299668983
434065254.0796,2573.25664340095,433.501674702952
434065267.5326,2573.34182075245,433.18371806483
434065277.9952,2572.94468529448,432.679190815325
434065287.2833,2572.20403051837,431.850069843366
434065312.6114,2572.13463403746,431.792189395864
434065320.8029,2571.32844105126,431.576321361684
434065332.2624,2571.66331324314,431.678652693621
434065346.6412,2570.70540253893,432.294411268935
434065354.1702,2570.20887028319,433.202070439971
434065365.3086,2572.47821866882,435.653866556859
434065378.7584,2573.80019766258,436.357843164407
434065390.6028,2573.7476191571,437.972342727065
434065398.5844,2572.05487642465,439.33983864995
434065412.0895,2572.13913229467,439.892491606731
434065421.0815,2572.11346254228,439.979801514343
434065431.9904,2571.93061904395,440.577119768876
434065445.0339,2571.88059499085,440.643073855185
434065453.8204,2572.20099507056,440.735350230883
434065467.8781,2572.7016213276,439.941949974066
434065478.5274,2572.49858371685,439.338742327868
434065487.3184,2572.02305036312,439.388860534725
434065499.2717,2572.59455328548,439.61931270356
434065511.6803,2572.44189689028,439.97293959163
434065520.7256,2573.16738876877,441.270424128392
434065532.0405,2573.50845495348,441.384853831446
434065545.4667,2573.60476739367,441.36515316671
434065553.8527,2574.02640898661,440.520552199623
434065565.0819,2574.19912623258,440.706525854825
434065577.4881,2574.53287730462,441.018912638768
434065587.3388,2575.09415828135,443.360776585496
434065598.3752,2575.05959979035,443.858027036307
434065625.4199,2574.90753885616,443.680447824908
434065631.8819,2575.5301245336,443.990941829123
434065644.6169,2575.59681561263,443.572557709644
434065656.0833,2574.81856524782,443.846940934979
434065665.286,2574.69091019235,443.285571332715
434065678.3157,2573.62546457619,442.625098674108
434065687.7989,2573.66367175873,441.366460823096
434065698.2738,2573.99212307988,441.067847847634
434065711.3235,2575.3791708227,439.507697467886
434065720.5563,2575.16885783462,439.303902935406
434065733.1712,2573.93165689811,437.887978405926
434065745.1577,2573.74244860331,437.340538648577
434065753.8866,2574.15608413212,436.777205998921
434065778.7959,2574.19444492296,436.666867730274
434065787.048,2574.03602314173,436.972561591003
434065798.5892,2572.22945288397,436.802204004802
434065813.1093,2571.80772931138,436.815103933717
434065820.483,2571.94073580917,436.790559708555
434065831.7777,2571.8494820164,436.661910462188
434065844.5704,2571.53528015125,436.199376575135
434065857.0067,2570.0703410777,435.975200129835
434065865.0451,2569.63995333206,436.602445331598
434065877.3029,2569.69801901314,436.787140173332
434065888.0713,2570.08175928163,436.529336338813
434065898.3883,2570.23905402787,436.215433218547
434065911.4668,2570.41370004317,436.089527223962
434065934.9517,2570.16641333542,435.954764941729
434065946.2471,2570.25837185392,433.948900406662
434065953.6937,2567.83973760419,432.453869494674
434065965.8474,2566.84970538333,430.686376607169
434065978.396,2566.57859930588,428.224889538899
434065987.0991,2567.26199118874,427.649201222754
434066011.7433,2588.66811086691,399.892814849073
434066014.527,2593.20088775877,394.448471871514
434066026.9331,2593.97305947442,393.684924089843
434066031.4271,2595.62855228071,392.077888624281
434066044.7213,2600.85277053889,384.222055016448
434066053.4412,2602.62996551677,381.568423703338
434066064.8219,2605.17664139079,377.949533220962
434066077.5406,2605.07888371055,377.644211486425
434066089.0146,2605.80300291761,375.438977323621
434066098.25,2606.10531759237,375.000663504539
434066111.3844,2606.73752947655,374.533107953147
434066135.1497,2606.34057890676,374.76967495496
434066146.7998,2605.25476876965,374.531168726374
434066154.1025,2605.50987876672,374.795735386041
434066166.0113,2605.2947624246,376.95291305304
434066178.3142,2605.04932412483,377.626302347513
434066186.9511,2604.8355483919,377.751481498441
434066211.6384,2604.51283784618,377.459852431401
434066213.9759,2603.95852416153,377.936905453166
434066220.1271,2603.76814664538,379.03083404779
434066231.3627,2603.94630044796,378.652945488921
434066244.5499,2604.42786504875,377.718376451035
434066257.8093,2604.47821827834,377.436553004424
434066264.8131,2603.76118162421,377.289184668591
434066277.808,2603.55073677576,377.345048172682
434066287.9705,2603.15316035334,377.534414482305
434066298.0145,2604.14385261546,377.04600918106
434066310.2786,2603.55679202528,376.809483041535
434066320.0349,2603.46880544428,375.964629248513
434066333.5305,2602.94769621964,375.067335700799
434066344.0816,2602.96320503231,375.002389030394
434066353.3665,2603.87642906897,374.867288116914
434066379.4314,2605.23287506081,375.032026419349
434066386.6589,2606.290129047,374.764138318558
434066397.5968,2606.87093682645,374.867379303327
434066411.3072,2607.18461037618,376.649938353214
434066419.9526,2606.17406818697,380.133732434174
434066429.917,2601.8895889882,391.578229278926
434066444.2533,2588.73739736004,423.090723456658
434066457.0667,2605.02330581179,580.779103556447
434066463.4106,2606.19781772427,597.046127147044
434066477.366,2611.80314359546,657.416163617525
434066487.366,2491.41672605969,655.609824682505
434066496.7935,2484.18265053015,661.232847414003
434066510.7556,2451.66733997307,664.660683648419
434066533.7122,2437.03180077426,656.613416651098
434066544.1666,2443.15748783637,640.103914933073
434066553.1561,2491.37323798341,582.388163451516
434066565.1493,2495.79944453312,574.865882164113
434066578.1081,2514.14210644503,540.993018835953
434066586.3905,2509.08585269095,525.956196199173
434066597.7869,2512.12933355851,523.087272605505
434066611.9515,2516.90560724751,515.237495314849
434066626.4116,2530.35433437111,500.931670350673
434066631.2362,2555.20167783225,473.932124427166
434066643.3819,2560.58013637459,454.350123291905
434066653.1476,2563.53163347033,441.81170044624
434066664.1004,2569.18663709065,435.141484869969
434066676.2953,2572.37101928838,431.198088460731
434066688.1181,2573.85898835924,429.78421773023
434066697.4687,2574.12391388588,430.056106415285
434066710.4651,2574.94519796739,428.860064870475
434066734.5539,2575.1908876679,430.908832785269
434066743.7188,2575.83114370257,430.131488138157
434066753.171,2575.39344122234,433.138762923667
434066765.2458,2575.28348324873,434.331032561429
434066776.9333,2575.14767524725,435.158505905281
434066786.4641,2574.29872859586,434.630283528824
434066797.8362,2570.59374775037,433.452230425729
434066810.954,2571.30962105201,433.890626150349
434066819.6429,2572.45356333596,436.322980820641
434066830.9858,2573.93184642654,438.597947384199
434066843.8602,2571.62165007637,437.865329240513
434066857.0517,2565.15655607297,438.699003378821
434066864.1477,2528.08840657884,433.714826422001
434066877.3888,2524.54765646705,433.109906232502
434066887.3293,2516.43332656689,432.04068150054
434066897.4294,2511.4582909153,431.157043252818
434066910.291,2499.41878088444,429.358635326467
434066919.655,2491.43729042913,427.921036897428
434066933.1436,2478.43316072028,425.598809324079
434066944.5041,2474.60744682829,424.072077536177
434066952.9307,2472.84466021005,423.376146493134
434066964.0402,2473.12963091266,422.663114682231
434066977.8048,2472.12258234696,422.334111594801
434066986.2615,2472.2165179047,422.365082283645
434066997.6857,2471.34350838924,421.857901047902
434067012.4799,2470.98284108051,420.660807957058
434067019.6723,2471.3360101446,420.895383962482
434067030.6564,2470.92597527024,422.050995539106
434067043.9655,2470.78012227481,422.021892025879
434067056.9598,2470.64595030863,422.360446156611
434067064.1303,2470.64929672944,423.031567109733
434067077.1908,2470.43290829346,423.281619893759
434067087.0125,2468.24874786991,423.749607585737
434067097.3043,2465.73327867603,426.123657869602
434067110.6695,2460.75975070973,427.154820513391
434067119.6627,2447.78306599461,429.532395016883
434067133.8264,2438.636528511,432.332839134069
434067143.889,2437.55120200756,432.777370228261
434067152.8597,2435.98684520995,433.158633954681
434067164.8729,2433.34432937076,429.857964493846
434067177.4898,2430.97406355824,430.143372042522
434067185.9792,2429.19704164845,428.101550751685
434067197.2784,2428.95373047524,429.578571119068
434067226.9477,2427.00707692665,428.742015785308
434067230.6783,2426.24819242637,429.342349529623
434067243.4582,2426.18535756267,429.661232503584
434067257.498,2425.76444499868,428.24402273113
434067263.8739,2426.59996395981,428.280932946853
434067277.0808,2425.23525370496,427.265572012104
434067289.2093,2424.2471264078,427.286943385824
434067297.2715,2423.26565773224,427.289962345035
434067309.9896,2423.11421559871,426.695725941152
434067319.7095,2422.55090327538,425.790962550634
434067330.525,2422.40900301386,425.598275600208
434067343.4076,2419.64454894589,424.752083991951
434067366.3989,2419.6090811884,425.085404987793
434067377.2883,2418.9340372293,426.365643532612
434067385.9924,2418.98916147087,426.201997127063
434067397.6856,2420.18699795089,423.456629672424
434067411.0764,2420.76921784595,423.065017543463
434067419.0791,2421.17503078665,422.754420152405
434067444.2947,2421.30341007304,422.622228921726
434067459.4937,2420.27171388168,422.541416701482
434067463.4747,2420.46035709931,421.808337535918
434067476.821,2421.20775491883,419.901672850941
434067490.6332,2421.13934601278,419.894336843703
434067497.3172,2420.30908591129,419.457788669714
434067510.3181,2418.7948163796,421.73295615214
434067521.1659,2419.24237513048,425.037358280801
434067530.4302,2419.6256374726,424.717269438617
434067543.5698,2419.67340202971,424.969854961528
434067553.2781,2419.72035781626,425.379962053593
434067563.7878,2420.33529251145,426.956266964787
434067576.6958,2420.47545391527,427.475049853447
434067600.4659,2421.23633874825,427.804800967642
434067610.2029,2424.53622569939,424.295633141959
434067618.913,2424.27847723563,423.45872627865
434067631.1117,2421.8378986618,424.043177372346
434067643.6211,2421.32486223555,425.185564005217
434067652.285,2420.57109558349,424.880835625799
434067663.661,2421.07324834602,424.829321569763
434067677.092,2421.04886738962,424.763935320892
434067685.7231,2421.60267109658,425.458824724321
434067697.0043,2422.1413714648,425.56786193903
434067710.6779,2422.64017626169,425.068202394068
434067722.6913,2422.85583722867,424.958123259581
434067730.309,2422.62759413255,424.881458051065
434067742.4246,2422.44058529724,424.680918714847
434067754.5484,2422.78075997607,424.256870073647
434067763.7601,2422.84855433671,423.448876300204
434067775.9095,2422.91268776834,423.109113004489
434067785.7502,2422.38105981571,421.556389047582
434067801.3354,2422.66923997356,421.816129125132
434067809.6459,2422.82904139692,422.123441817226
434067833.0685,2422.84463347175,421.701369935926
434067843.4499,2424.27505401333,423.086230957845
434067852.3335,2423.70564569522,423.401213769165
434067864.4124,2424.01273889861,423.901689533236
434067877.1614,2423.49401150021,426.404324163783
434067885.5612,2423.38268133191,426.470873482831
434067910.4815,2423.28177313438,426.93022839706
434067918.7642,2423.28934557526,426.934731097587
434067930.0234,2423.04332969654,426.808643010893
434067943.7328,2423.26159774937,426.40826271835
434067957.2808,2423.47529860144,426.269693062284
434067963.4312,2423.54668086633,426.055504438424
434067976.659,2425.34379039204,424.126344570789
434067987.2365,2425.88676972724,423.485124197582
434067996.7925,2426.4968576669,423.334706463736
434068009.9869,2426.585318768,422.53926125056
434068033.486,2426.45369436104,422.762981331061
434068042.9373,2426.78614140509,421.74069882366
434068052.135,2426.69034893757,421.705066861565
434068064.1621,2425.54786725037,422.101704199693
434068077.0567,2424.98941798012,422.36792848533
434068085.3571,2424.74925614625,423.87950429962
434068110.4606,2424.42279311047,424.046200533616
434068118.5927,2422.92750700764,424.759963556002
434068129.8019,2422.19454088778,424.462083571446
434068143.333,2422.65690654264,423.45489423283
434068157.3951,2423.13604647041,423.467119087985
434068163.1494,2423.9481270782,422.978555257304
434068173.7737,2424.80563412189,423.345551055842
434068203.0143,2424.64875694036,423.314036005156
434068207.0684,2425.46628183005,422.871029615042
434068220.5719,2425.95675019663,422.525167341958
434068233.241,2426.079949206,423.143683700396
434068240.5443,2426.20224894967,422.912544742681
434068254.0345,2425.99777601971,421.698655796746
434068264.6459,2425.8280785625,421.437946090544
434068273.7432,2424.79984114564,421.224769460859
434068287.0199,2425.12692716598,421.242108872187
434068296.799,2425.27797459096,421.112629353681
434068310.3998,2425.588474632,420.915088027489
434068320.2972,2426.78994568196,421.011030358581
434068329.9206,2428.21131005839,420.857222842622
434068341.3551,2426.94324238079,422.224093423675
434068353.8046,2426.22019053886,422.793747803399
434068363.1936,2426.65661533282,423.38119103953
434068373.7239,2426.52777288473,422.705873785468
434068402.7031,2426.61953041956,423.001106261393
434068406.8948,2427.34372155373,424.730416253738
434068420.8074,2427.38149594093,424.927040927317
434068433.5851,2427.67530788093,423.926895804941
434068440.0834,2427.99593230432,423.831746421467
434068453.5507,2427.91759742758,424.108980735643
434068464.3725,2424.8856331088,424.55990183927
434068473.6065,2424.39341512816,424.723589820329
434068487.0977,2423.62418233269,424.540316290322
434068510.3039,2422.9595735356,424.321681527549
434068520.5478,2422.12051941841,424.019141468224
434068529.556,2422.36007938439,423.510383271923
434068540.8879,2424.3266717697,421.007388802215
434068553.9812,2423.89091090486,421.752278689789
434068562.8403,2425.32728337196,423.490111272091
434068573.5348,2425.48839262299,424.103822443288
434068588.5132,2426.37338442405,423.332283773314
434068596.5139,2426.71423358281,422.533483497528
434068606.7612,2427.60272162181,421.99276880435
434068619.4034,2427.48268444773,422.059544164172
434068631.9275,2425.09792033701,422.138858220115
434068640.2788,2423.24595416238,423.129253683778
434068653.5704,2422.91482825372,423.078082077448
434068662.9086,2422.6161997948,423.108889326931
434068673.4761,2422.27414472028,421.67466566729
434068687.0144,2421.94915400009,421.638889920534
434068696.0522,2422.30550688362,422.03643065567
434068709.7435,2422.50458980002,422.37908150815
434068719.19,2422.71739096583,422.764694141399
434068729.4877,2423.74129086917,423.670229182933
434068739.968,2424.54446986571,423.592673835689
434068753.8388,2424.58888080958,424.009583370951
434068762.6217,2424.57209704698,424.675083133956
434068773.4797,2424.51624192747,424.870471206095
434068787.2548,2424.16905066007,424.224030318118
434068796.0627,2424.01818644881,424.353699852506
434068806.8799,2424.61081291629,424.706192982156
434068819.2836,2424.94327562528,424.680160455092
434068832.1241,2425.18205718375,424.47898032544
434068839.9396,2425.29225314682,424.40404291928
434068852.526,2425.3800019802,423.937587335389
434068863.2975,2425.38738613687,421.632219583021
434068873.4546,2425.56291939121,420.989280200436
434068887.0916,2426.05466375735,420.740688530376
434068909.4871,2426.3334595055,420.268446122741
434068921.0647,2427.11647767772,419.038141529996
434068929.436,2426.6977975151,418.80338309087
434068940.9159,2426.43347323131,418.312349771934
434068953.2778,2426.48720461119,418.375323997929
434068962.5822,2427.14363904471,420.657782317932
434068973.1646,2427.28709253868,421.665006703811
434069002.2337,2427.2745411862,421.537032945198
434069006.5089,2427.27592260001,423.483417657677
434069020.2987,2427.12797810612,423.802129834337
434069029.2043,2426.93957525006,425.449338114834
434069039.9529,2426.78649785826,425.572092177545
434069053.5331,2426.80916145937,424.872119945572
434069064.8187,2426.54131515123,425.179891107226
434069073.3804,2428.10586463796,426.563086417079
434069086.5565,2487.39536976405,456.760324849875
434069096.4281,3047.18053065117,725.623227740396
434069106.4346,3067.67423201718,738.449834766556
434069119.7048,3123.23684473817,775.712203082037
434069142.2518,3173.44919107742,801.641744814442
434069153.2973,3255.17067765546,837.995871785726
434069162.1308,3293.06054506575,852.715875887314
434069173.8064,3250.32102908155,827.271121943309
434069186.4103,3411.21114641788,906.729556398581
434069195.5974,3529.04591546371,964.263368185463
434069206.3266,3529.91083722132,964.722182609819
434069221.8999,3532.53355149109,963.228850060849
434069228.7516,3531.50688620345,963.606942276338
434069239.6616,3529.15156299115,966.084887344123
434069253.0657,3528.74489524063,966.288385577504
434069262.2528,3528.92646353659,966.363131118891
434069273.0471,3529.6928227355,965.949877386886
434069286.2854,3535.06506336665,972.001159806872
434069297.5423,3544.93605055268,975.186180627438
434069306.3942,3553.53927231919,978.470878700413
434069319.8338,3586.72379239933,989.10598165547
434069343.3983,3603.55424407756,994.177325541999
434069352.7628,3630.1059171342,1001.39815080054
434069361.8977,3639.38925793018,1004.18674777281
434069374.1194,3671.20963703248,1014.09010342744
434069386.4827,3673.21037817512,1014.39315320841
434069395.3551,3672.47097932779,1013.96813256164
434069420.9693,3674.16644743258,1014.42904137635
434069428.8102,3674.58266921363,1014.66781618095
434069439.5655,3676.03092819259,1014.00932882122
434069468.0254,3688.17933709622,1011.25738462208
434069472.9065,3717.21025063498,1006.95539474328
434069486.666,3718.61365791769,1007.03593457471
434069495.3268,3724.00793882366,1005.28283132045
434069506.1832,3724.10896236751,1005.23367165311
434069519.2815,3723.8525391699,1005.52203549945
434069531.11,3733.32929635378,1009.23642361871
434069539.4293,3733.51874013701,1006.98896722017
434069552.6948,3733.24891947504,1006.85418359418
434069563.2214,3732.97371746884,1006.83251718194
434069572.8029,3732.83422468317,1006.67777991115
434069586.9193,3732.44516842668,1006.78333975297
434069609.375,3732.0410971142,1006.50604476592
434069620.7949,3733.93386436023,1007.23673807038
434069628.5786,3733.98817367345,1007.07953575079
434069640.7995,3734.21978053994,1007.37278513462
434069654.069,3735.71070974942,1008.43311537723
434069661.9209,3738.72023471977,1010.5070148453
434069672.8034,3735.40030859105,1011.46896155376
434069702.6972,3734.44390366502,1011.40701713116
434069706.5955,3730.75397319557,1009.73950526112
434069719.3662,3728.93608915367,1008.87321781362
434069728.5655,3728.03437584234,1008.4582865651
434069739.5826,3727.75093811459,1008.10553712805
434069753.2807,3728.35920674648,1007.89124439366
434069765.4371,3728.62487337427,1010.9415562765
434069772.9068,3727.76496707734,1015.8691975538
434069785.9273,3727.00050294447,1014.76772542829
434069795.1893,3726.54689074191,1014.62747557176
434069811.1175,3725.36297837963,1014.18916914484
434069819.5021,3721.80725005422,1010.97151580884
434069828.5918,3721.48169052993,1010.91112933174
434069842.0138,3720.96808652456,1010.70490390232
434069852.2293,3720.88329889751,1011.17561292741
434069861.8715,3720.99542217647,1011.04165950644
434069874.0731,3722.0386824178,1010.16097590842
434069885.7509,3722.65211402708,1009.9318426055
434069895.4573,3722.86021641089,1009.67992935202
434069906.0342,3723.16898264993,1008.99794106964
434069919.7204,3724.21927486262,1008.68235911971
434069928.4649,3726.56617320284,1008.422608116
434069952.8805,3727.33805979993,1007.16008667371
434069961.7815,3723.00498741458,1004.77789057023
434069972.4024,3722.83708327722,1004.62698131497
434069987.2482,3725.52024566825,1004.89077488415
434069994.9241,3724.73070117217,1004.0151064174
434070006.007,3694.86525619483,988.119570535359
434070018.491,3691.24295540108,986.46819994398
434070029.7092,3504.14509830273,894.811215624607
434070039.1124,3209.82476992428,749.986456880521
434070051.9358,3007.4984568074,631.187956681839
434070075.625,2885.80612958336,558.185933951318
434070085.7128,2841.58392749894,534.574528905338
434070095.1873,2802.13495325594,510.669805621774
434070107.4772,2673.48886826749,428.72360276101
434070118.5289,2657.72859538037,420.136126474742
434070128.374,2619.92701876469,400.455494924571
434070152.689,2587.04766894925,375.400367483364
434070161.7496,2587.63218617032,372.564630877049
434618870.0779,3604.60340493967,1034.76253973893
434618877.7657,3604.11274359247,1035.35418179936
434618890.2639,3603.13562885145,1035.60417652093
434618900.8839,3602.68127560767,1035.25108843038
434618911.194,3602.38016853738,1035.27108126541
434618923.7873,3598.72513441066,1032.18353802983
434618949.1846,3584.22561131922,1024.03537917569
434618957.0945,3540.84947506584,1005.40059905718
434618966.9314,3217.44387830735,853.330231365993
434618981.0207,3026.17915586495,757.335906332179
434618989.8968,3001.12265502755,743.477170820806
434619000.0233,2986.58292429735,735.505181033858
434619012.787,2973.70748761606,728.490548691567
434619022.9999,2940.00714613835,710.014955994031
434619033.3967,2928.03873527019,702.280872213699
434619044.661,2917.76730106928,692.168621484298
434619056.691,2913.49415208321,687.153420693625
434619066.7021,2916.25025423275,685.200331336451
434619090.285,2915.96408149874,685.857424760308
434619100.0348,2916.21748846916,684.662060068656
434619111.0039,2909.90382094678,680.60617967661
434619123.432,2909.42962652505,680.02454547916
434619133.2306,2905.53025836125,675.696870654877
434619144.3865,2846.00862621039,623.31230566866
434619156.5053,2675.89693446117,480.292944433653
434619170.315,2450.18436446649,305.987063189654
434619177.8042,2430.56618244516,295.2649330119
434619189.9725,2383.89356779107,266.202174016995
434619202.2072,2334.92880620307,235.175501269503
434619210.7404,2288.87768181631,207.816876680907
434619223.4191,2222.12536012175,166.934917400032
434619234.3391,2172.61297208203,133.841216521305
434619244.3001,2198.04333060566,144.185008926304
434619256.2789,2146.90721393169,119.030329772589
434619282.3412,2125.9399971288,108.304915318687
434619290.0073,2126.52704332175,107.826913516584
434619314.213,2126.92784113821,106.587361366833
434619323.5412,2109.40569071196,81.4609433724064
434619333.4626,2089.62934580334,59.1127855306385
434619346.0133,2085.35009975793,54.147614771945
434619357.1541,2082.11500243782,50.3864897551724
434619366.4271,2077.81517307719,47.3166339980459
434619377.9097,2075.06437456529,44.9666490455428
434619389.5593,2076.03376390782,47.4548936407589
434619399.8507,2078.09556384124,48.1834790118781
434619424.5335,2079.96756292023,47.5520289993113
434619433.2374,2081.50236386204,47.8192480014218
434619444.147,2081.61047164705,49.3033377864632
434619456.4023,2088.51683689135,48.1475632724486
434619466.2976,2099.65622157499,46.7319540174495
434619477.331,2122.58899678644,45.017218484045
434619490.5826,2189.05921686331,43.8590597030732
434619499.4441,2208.42419175481,44.125446224157
434619510.9078,2224.63308100837,44.1082975644287
434619522.7386,2239.00493094307,43.8135156014785
434619533.208,2250.02304938689,44.0407159258629
434619544.0345,2294.11516306889,44.6837713138483
434619556.5698,2312.62711699424,46.6282558858896
434619581.1311,2316.67285661175,47.1617603288524
434619589.8136,2315.3532477726,48.2095983272561
434619599.547,2315.35980182654,48.2355116424635
434619613.0169,2316.16305231555,47.6343606001812
434619623.0577,2315.87169137636,48.3141342866926
434619632.963,2320.06987395992,48.6607622198438
434619644.2626,2449.42812186272,53.9411102625071
434619656.9297,2523.9248753102,58.2703384025499
434619665.9712,2529.92811239138,58.8388527745734
434619677.1978,2535.93465557645,59.5469589264929
434619689.9695,2541.11310908995,59.9043199870178
434619699.117,2548.19449097386,60.0552383790307
434619710.6614,2550.63808615605,60.2180003013912
434619736.6931,2552.70826050066,61.0538029790585
434619744.0218,2553.71868291876,63.7742094032544
434619755.7486,2553.78404215427,63.7973428469026
434619768.6318,2552.41040250321,64.3991805356389
434619777.2997,2538.31960290168,69.2918906723152
434619790.3621,2539.62290518819,68.7214651581502
434619815.4201,2420.26237007537,100.657937238173
434619824.6312,2235.79726037011,152.93065402544
434619832.8394,2204.02602693831,162.065604146884
434619846.2781,2171.34472698598,171.226144131057
434619857.0298,2128.64178124871,182.991110170326
434619866.0635,2101.6063280955,190.687539133379
434619890.4909,2101.73146896401,190.577677854315
434619899.4652,2101.89066280292,191.415048211869
434619910.6803,2103.15847576242,191.46937502689
434619939.1889,2105.78526094991,191.923151764592
434619943.978,2106.2613454192,192.640769375942
434619956.1519,2106.42023385341,193.118892703755
434619966.2459,2107.15219227188,192.519158323086
434619977.2568,2108.0303680894,190.958954893601
434619990.8748,2108.74317511434,190.778861176712
434619999.3462,2108.97928229587,190.736204037196
434620015.8936,2109.36475152247,190.693362669652
434620022.7542,2108.83982678365,189.366945828929
434620047.6921,2108.5021845122,188.863261985049
434620056.275,2104.62478940102,188.768701213645
434620065.9898,2103.05564566769,188.954806099814
434620079.663,2103.11517017648,188.882472583932
434620089.2505,2102.98396337648,188.876559200891
434620099.2808,2103.0728137042,188.813489270602
434620111.4908,2108.9910208144,190.684121257585
434620122.5306,2108.76947405197,190.111110554296
434620132.5041,2139.43590435441,188.64783975443
434620156.9755,2225.67468387548,184.170737660875
434620165.8986,2260.92762398717,183.96077656064
434620176.8931,2272.81495898108,184.259476481513
434620205.2808,2280.27282844073,184.62911761661
434620210.2974,2302.65790834815,183.404145696437
434620223.3676,2301.41620956168,179.184108850868
434620236.745,2303.97468736887,182.466267919855
434620243.6931,2300.42382711265,180.424690394094
434620256.9112,2296.84579938817,179.723614333556
434620268.0447,2282.06566409535,190.502068247997
434620365.1009,2415.12586537891,256.951331103164
434620391.2836,2300.71475850925,308.441582263092
434620398.9659,2231.66015047517,315.242486542191
434620409.887,2274.55870655524,302.601023337382
434620423.3952,2347.90402626714,253.781904340498
434620432.3923,2369.00120463575,236.422327305365
434620443.7432,2379.95377441376,228.737006802207
434620456.9385,2348.54789643827,244.042551617493
434620468.7586,2326.52945057677,255.085890368667
434620476.7075,2348.58239698445,240.036225134277
434620488.8881,2404.1850107044,200.383289198829
434620499.1332,2435.39725634013,178.082681694842
434620510.1906,2437.183241679,175.915367135076
434620524.4467,2436.15260998237,175.181107293687
434620546.741,2434.57290142231,170.92449474522
434620557.7619,2439.5047100029,173.17920613592
434620565.5177,2445.13501680827,170.01609169217
434620577.5134,2460.64090495451,172.560617768612
434620590.2488,2466.89765631861,173.725053246975
434620598.6375,2484.8066004812,177.619146650999
434620610.2722,2487.83384539359,178.772783894507
434620623.5746,2491.55579034152,179.576098640815
434620631.9878,2497.527918646,180.054721468749
434620643.4012,2505.48001185917,181.575671535191
434620670.9088,2504.86729447146,181.722243863518
434620676.6531,2504.98758622791,181.759927285108
434620689.2191,2505.26725944358,181.999756571484
434620702.8846,2505.46982806255,181.996900414792
434620710.0354,2505.30017018035,181.996476504269
434620723.1139,2505.78982709699,182.318107548729
434620731.9614,2506.49169053719,182.858261545678
434620743.3821,2507.14522971133,183.654758609581
434620757.9426,2508.43989237416,184.885003589866
434620780.8541,2508.97036710629,185.569463724359
434620791.8554,2510.25777573317,186.150195313066
434620799.3988,2510.44981361037,186.05622264778
434620811.8154,2510.70838320493,185.931948850091
434620823.059,2510.96577613363,186.219442775087
434620831.6814,2510.38092034633,186.031277465186
434620855.8231,2512.07869673584,186.310000360359
434620865.2405,2549.77677083827,188.493448466417
434620876.5432,2565.59080959868,187.346480125051
434620904.4763,2581.05738200116,186.327375175204
434620909.822,2607.70584207094,184.859098033091
434620921.8774,2618.54986250873,183.932894567954
434620935.7007,2682.93479297651,178.747492009468
434620943.1409,2684.00087943331,178.872636536873
434620955.7439,2684.15526421511,179.036868221591
434620965.6531,2683.44255369976,178.963374968789
434620981.6569,2683.60486408548,178.715125048146
434620989.0307,2683.29492448318,178.443516597964
434621012.8186,2683.81235837213,177.336880562423
434621023.1294,2684.11498102822,175.597090786056
434621031.7479,2683.9276022959,175.593965533534
434621043.3335,2683.66706440672,175.326705087152
434621056.6539,2683.03000138292,174.968433481618
434621065.0859,2683.75243112482,175.248617784254
434621076.2464,2690.50949989957,176.187392387757
434621090.4202,2714.99377696935,177.831215525586
434621098.4899,2736.03261658595,178.919991501797
434621109.6913,2748.10176290194,179.739534981318
434621123.3492,2758.67856243101,180.164527275771
434621134.1163,2769.23911878702,179.639591076636
434621143.0848,2773.55052754554,179.105745549982
434621156.1671,2781.47045506276,178.966619379613
434621165.1571,2781.16972925348,178.871311299385
434621176.365,2780.82680894521,179.65443219043
434621190.3166,2781.98420172189,180.002859910092
434621198.6007,2781.73602315643,179.951746839264
434621211.7271,2780.92867905533,180.097343937698
434621222.6874,2779.10157690272,180.354357597399
434621231.6344,2777.43945378048,181.197120218486
434621243.1009,2777.60389170158,181.538539161102
434621256.2291,2781.59179705559,181.435877401828
434621265.1277,2780.8792420292,181.564130419035
434621276.3118,2797.11660189607,181.229423693079
434621289.6293,2899.48803964402,181.098611344139
434621298.4915,2923.30121895115,182.570441230603
434621309.3483,2935.94369117602,183.366236703155
434621322.6154,2946.69838272352,184.438342388625
434621333.9159,2956.71982024581,185.532849826982
434621342.7959,2969.88944356217,187.155142146628
434621356.45,2971.86569430362,189.008377891926
434621380.0099,2971.53624550281,189.544010925174
434621388.6652,2971.77977825474,190.57184958755
434621398.2303,2971.99829600425,190.572477701274
434621410.0331,2974.38908585047,191.084479617833
434621422.6009,2974.06027877471,191.164080984613
434621431.5393,2973.48722872495,190.803978142526
434621442.6154,2973.77911549915,189.683736471082
434621456.2873,2974.48567745805,187.983803024995
434621464.8944,2975.89987466678,187.035644527732
434621476.0161,2976.4859840008,187.177636955738
434621489.1855,2976.91417164288,187.50618404871
434621498.3887,2977.57206035676,187.04476198948
434621509.1835,2978.50564570755,185.629555858821
434621522.7329,2978.81013351047,184.449291826287
434621531.5233,2979.42138681663,183.94480523361
434621542.5397,2979.34163042531,184.099318621802
434621556.2211,2982.9794276277,182.73746261966
434621565.1409,2988.62568257426,180.742644378976
434621575.9538,3019.97237957397,181.470976986583
434621589.2396,3019.83366633089,180.852992010386
434621597.9576,3022.733345589,180.339281434575
434621612.3506,3026.06171061081,179.808470780013
434621623.07,3030.33264561043,179.532936879382
434621631.2322,3031.8983317383,178.470609340852
434621643.618,3052.45630064195,173.659990187678
434621656.3619,3050.89782736643,174.590274576328
434621664.8132,3048.7952185327,173.890337373799
434621675.5205,3049.33026026313,173.57459931524
434621704.6325,3050.37144561095,173.094674643428
434621709.2202,3050.58594185968,173.049338049664
434621722.2675,3049.80997511576,172.830378095194
434621731.5338,3050.79030533961,172.530664958325
434621742.0872,3051.89578140587,172.647101865556
434621754.7853,3063.6788264769,172.399032979315
434621767.1255,3170.26983308038,171.105444745169
434621775.7537,3174.54810024417,171.233054673071
434621788.8369,3177.66694809808,171.963991437276
434621813.4642,3180.34299336984,172.086226459963
434621822.5041,3190.46332273405,172.855512313243
434621831.0296,3197.60542629417,172.62379139437
434621843.3957,3199.44521911138,174.361449489202
434621855.8048,3198.88334113862,174.816435221302
434621864.6478,3198.3297190996,175.600143588652
434621889.6678,3198.53490394198,175.729947010879
434621897.9025,3196.9582808385,174.68653258116
434621909.0069,3196.70132983519,174.678923637621
434621921.8007,3196.0345667136,174.925295221028
434621935.2234,3196.04746172609,174.915004391027
434621942.0129,3195.68556594974,175.122067887304
434621955.5638,3194.83505175392,176.264239145463
434621966.5258,3194.61610049616,176.215538618359
434621975.3489,3193.86811985916,176.66642706225
434621988.8754,3193.55581352688,176.795523861816
434622013.2122,3193.41802619952,176.884969507359
434622023.4395,3192.34626622976,177.849030442512
434622031.2747,3192.9350459127,178.405575972382
434622044.3355,3193.20517867004,178.502541277009
434622055.7501,3191.50592629969,177.997724724265
434622064.3241,3191.78076717039,177.832635979309
434622076.1562,3190.71163863623,172.997369818534
434622088.801,3192.08562482832,174.052112677017
434622097.8872,3205.01940961309,173.445242491479
434622108.6435,3255.6680938723,167.572215717994
434622122.7656,3277.04603662732,166.057055275472
434622131.3039,3293.00289192055,165.423725045859
434622142.0427,3304.89485117672,165.28643128584
434622156.0197,3317.042360354,165.577581841967
434622169.9096,3329.08216686988,165.390851780582
434622175.4312,3353.81567005196,165.223381526795
434622188.6344,3354.38291402752,166.093655545476
434622200.4864,3350.14082265745,168.904256021303
434622208.7064,3353.8507677974,168.127537943716
434622222.447,3353.07375205059,168.571842337257
434622246.633,3351.37103357917,169.596000659495
434622256.0487,3348.53531428871,170.631502008975
434622264.1091,3348.73182605731,170.584771284513
434622277.5164,3350.00900940064,172.579060012965
434622288.7124,3350.51280512868,174.070985761505
434622297.6697,3350.49353717785,174.562194829505
434622308.4267,3350.68005467064,174.659908056769
434622322.2873,3351.65598059954,174.955226707497
434622331.1572,3351.94534609109,174.994988460711
434622341.8963,3352.07768789779,173.098544756418
434622370.322,3352.20769549152,171.683282618706
434622375.0782,3353.3759969626,169.052085123051
434622388.8853,3353.93518665099,168.006896694606
434622397.8773,3355.10394179995,166.75708053786
434622408.3454,3355.75399056036,166.044958704889
434622421.1057,3355.83890164326,165.356659686133
434622433.8351,3355.7721579978,165.251885896344
434622441.8986,3355.92639202588,165.774825800336
434622455.317,3356.20787559248,165.76801752833
434622465.1884,3356.65379973802,165.424775870556
434622475.0757,3357.05456802384,165.134205533586
434622488.4173,3357.33765783503,164.64989680281
434622497.4858,3357.7277506193,163.910350027944
434622511.6056,3357.78265268419,164.029173528551
434622522.9267,3362.43100913075,165.230416023675
434622530.8846,3361.43201899002,164.605551879388
434622541.8551,3407.79268176694,168.032809537953
434622556.3681,3479.09792514023,170.865751064539
434622564.0809,3490.55242345747,170.708125987357
434622574.8475,3493.52493957913,170.572195218374
434622588.919,3496.75013212175,171.323815816102
434622597.6606,3497.47684555608,172.234601615398
434622608.3389,3500.29584363495,172.766388146047
434622622.1802,3499.5712874829,167.049678462708
434622634.6714,3498.71943826261,169.719012958193
434622641.6736,3497.6542514143,169.750653081221
434622655.5284,3498.77063861776,165.333845848421
434622663.8813,3500.77300493035,163.797704328896
434622675.0504,3503.24926008714,166.758160329402
434622688.3085,3502.88190874983,165.863048584519
434622697.3952,3502.24009844357,165.048038444744
434622713.3553,3500.03372812117,167.180054963686
434622722.5051,3499.89434367539,167.305867820207
434622730.5813,3501.61837053636,167.026489988812
434622743.6754,3500.7049791396,168.116532979821
434622755.0742,3476.70170231823,168.128258561953
434622763.8173,3394.79446305422,166.968891111352
434622788.3397,3303.26310329126,168.853120882657
434622797.5142,2748.50008935402,190.910854978356
434622808.4025,2810.9556871763,187.260497435214
434622821.5369,2724.5836290032,191.099030704034
434622830.9756,2687.17744991732,192.757750468307
434622841.6457,2617.48278476159,195.54253476924
434622855.4246,2521.26101780295,199.793041415655
434622864.0042,2336.86973633025,207.816857170427
434622874.8486,2203.61686885274,213.522035632998
434622888.2492,2179.45165472606,212.102778306304
434622897.0894,2161.33151560296,212.157841235698
434622908.2868,2160.61176556254,211.797712116554
434622920.5158,2162.7629628231,211.266505129534
434622930.5662,2162.15369537944,210.191322104763
434622941.3505,2162.32941765367,210.207432544342
434622953.7877,2161.58167237102,209.956275080167
434622964.0348,2157.43773057406,208.420543858908
434622974.8705,2150.84315244489,209.623711741833
434622988.2553,2138.97870667627,213.79426909931
434622997.1343,2132.45915722363,214.467386514108
434623011.3027,2125.86997350919,216.646707242644
434623021.463,2119.00424932454,220.301344683586
434623030.4502,2115.67223928702,223.048166635326
434623056.5453,2114.41265508106,223.661658364848
434623063.67,2106.76386259919,227.744780620059
434623074.7963,2106.99230621362,228.010855226406
434623104.0909,2106.79984380932,225.151998793229
434623107.9654,2105.53770952245,223.936268520064
434623121.4813,2104.95195820379,223.970196634956
434623130.3092,2104.21495533525,223.513808255485
434623141.319,2104.54180159139,222.261473335603
434623155.0762,2105.35097131265,221.722027728263
434623165.1696,2105.39490523008,222.059600003551
434623174.6259,2104.79339356373,222.056186287994
434623188.7299,2104.71281741265,222.095852011208
434623196.9294,2105.95746281056,222.866472937971
434623211.3302,2114.65835026303,222.96438830384
434623222.8626,2123.3719476822,223.310570531021
434623230.5773,2175.64569228233,223.314690148229
434623256.1142,2190.34475941959,223.508842692714
434623271.4414,2205.55584983468,223.566598439718
434623274.561,2239.24744786058,222.181459958829
434623288.4787,2248.29111985371,221.768475792833
434623296.9667,2304.66500343294,219.813211285464
434623308.1138,2304.37203422774,219.54798067584
434623320.8944,2305.97809835926,217.958313476889
434623333.6148,2306.36585683419,217.299173242612
434623341.2243,2306.4901741477,216.941885042871
434623354.8741,2306.54246157795,216.053240333551
434623363.3804,2306.56086892438,214.699536509545
434623379.6927,2305.40853764046,213.526965658598
434623390.0864,2304.50434774648,212.772529969499
434623397.6228,2304.01569955129,212.902173348247
434623411.9093,2303.45172041142,212.552854200175
434623421.6329,2302.54730471325,212.017945988966
434623429.8747,2300.68404908173,209.610919677075
434623441.9934,2303.05784983731,208.250865485659
434623454.4354,2311.09361342086,206.857721493565
434623463.3746,2325.45183411571,207.693475696125
434623488.635,2334.65910857369,207.889988963039
434623496.6334,2359.92005297649,208.800804971093
434623507.9395,2369.2749728368,209.305039746987
434623521.2759,2379.60575292898,209.967662703467
434623533.8554,2432.43751289125,213.610615022657
434623541.1003,2433.60132899797,213.532027406015
434623554.2125,2433.63620115238,213.622090003811
434623563.3388,2433.31116935114,213.023938553681
434623579.7143,2433.99802607278,213.426074421573
434623589.8986,2434.31038190095,213.213298468198
434623597.1392,2435.30624382873,213.6394747179
434623610.7724,2435.98777828065,213.500622676245
434623620.7288,2431.69040753822,216.159410100349
434623629.862,2430.11775684564,217.143678509762
434623654.8954,2399.39681678323,231.384160052824
434623663.2725,2317.25983294511,271.485974622922
434623674.3707,2282.25990415398,289.358415225715
434623703.2112,2246.70633203553,308.614298056166
434623707.7867,2190.76442699764,338.125522308117
434623720.9144,2171.58235040871,348.123777404765
434623729.875,2088.76361507223,391.550109166612
434623741.044,2089.66868281493,391.539787383335
434623753.4545,2089.82286843012,392.340217537169
434623763.2767,2090.66183792468,392.467816041289
434623774.3862,2090.33724354321,392.545176053781
434623787.4781,2087.90696730804,393.938605083648
434623796.5239,2087.79653196429,394.515354964783
434623810.7587,2087.7086840416,395.735391161526
434623820.5909,2087.55278835792,396.082392593249
434623829.9117,2087.00356340575,396.608080713138
434623840.841,2086.43009994115,397.265951635641
434623853.7759,2086.55704604719,397.347662675636
434623863.206,2086.45167721214,397.49650027661
434623887.9065,2087.10359584486,397.746859197398
434623896.5472,2089.00384480618,397.058020938948
434623907.6762,2089.31762436642,396.851565373957
434623921.155,2089.81657072133,398.214372584137
434623929.7368,2091.93067647814,397.894774906264
434623940.7734,2108.59852846698,398.365074607918
434623954.5556,2146.06206715693,401.568069962029
434623963.1824,2152.68777010601,402.356817112319
434623974.1315,2158.25914275771,403.35547320418
434623988.0733,2161.33163510181,403.666613344477
434623996.4481,2165.85689534416,404.674159855419
434624007.4872,2171.70314734158,405.570043916724
434624021.0436,2172.18158797775,405.56893791991
434624029.798,2172.30205696039,405.886308501947
434624043.1226,2174.14929778329,405.919448834616
434624054.0188,2174.44250396019,406.451961353787
434624063.096,2174.67511674312,407.125085007754
434624074.5177,2174.358668985,407.561991703776
434624087.7541,2174.38958875724,407.44011620851
434624096.47,2174.45209881601,407.656922107674
434624107.3555,2174.62692419669,407.3589452249
434624121.5042,2174.69798142539,407.560077404296
434624129.6754,2178.98690690687,407.853704050616
434624140.6367,2295.8034885115,409.51331401111
434624154.3951,2297.92906984763,409.863471258621
434624167.1572,2300.25558006713,410.226142449573
434624174.0546,2302.81514369019,410.609795908415
434624187.6003,2306.21641491609,410.94156226783
434624197.6973,2308.32988404326,411.443765433128
434624207.4007,2308.74044369074,411.573848474042
434624220.6436,2312.08149615543,413.475348867354
434624243.9289,2312.77017083673,413.742799820406
434624254.2735,2314.02555088683,414.094563108836
434624262.8496,2314.00341061628,413.713704448283
434624274.7448,2313.86942845753,413.485264743047
434624287.5587,2313.81583358065,413.349136299236
434624296.2711,2313.43386349701,413.046565465302
434624307.3279,2313.50869443014,412.995676429641
434624336.0227,2314.17302702042,412.928225676123
434624340.3619,2316.67000112447,411.943325556721
434624353.7275,2316.89005482938,412.183345576129
434624362.745,2315.28639229939,412.258547413153
434624373.803,2315.92428726272,412.105621581305
434624387.5035,2321.76575078264,412.171735159543
434624396.1174,2378.74503386457,414.604060225823
434624407.2769,2394.52690699197,414.586592287137
434624419.6375,2409.53842953825,414.316615231665
434624444.7703,2420.34477504747,413.084336662983
434624453.6132,2425.90378323982,412.191540883756
434624462.5431,2425.15076713436,412.142894537714
434624474.6238,2424.27981234766,411.685205237144
434624487.0113,2428.3925871295,410.283076390713
434624494.6299,2428.75377367058,410.422836671343
434624505.2943,2425.31720429458,410.811291168072
434624595.2292,2356.83150498102,554.824049795032
434624605.5994,2356.83150498102,554.824049795032
434624621.1762,2372.90256406689,548.093052182331
434624629.6102,2367.65262585816,536.414049024476
434624640.0207,2361.8754944169,529.342054189547
434624653.9543,2352.70640376695,517.668832293257
434624662.5582,2383.76680040077,489.301405144955
434624675.9769,2435.99663120296,456.74362909817
434624686.7797,2430.2861579658,460.581370735783
434624695.7924,2425.01606481081,467.97896125332
434624721.8746,2428.89238916681,463.91596652737
434624729.322,2469.00974303227,426.352455858889
434624740.277,2493.7065130595,409.851807310075
434624769.0425,2494.38713468361,407.638933456147
434624773.6846,2497.72834196752,405.835678114174
434624786.4811,2497.33113039258,405.679157185083
434624795.8559,2496.44097928536,407.252689486893
434624806.7987,2495.56661261375,407.156499340864
434624820.5181,2495.39696130186,407.339228957642
434624829.1083,2494.3225640329,406.797374675219
434624840.2211,2494.74033716756,405.935011724278
434624853.4845,2495.35042365711,407.34895230963
434624877.6553,2495.41280747099,407.678713534205
434624887.1287,2506.54967017046,410.108756726883
434624895.6976,2557.41489235905,409.082352623334
434624907.7902,2562.37722899347,408.899142142765
434624918.7998,2565.88699103308,408.645441702553
434624928.9708,2569.14518698744,408.319541824606
434624952.6089,2574.33935666713,408.016584448412
434624962.2505,2593.62974017528,405.914335184049
434624973.3604,2594.69299907764,405.526355560069
434624986.6207,2594.59010579243,405.159185359461
434624995.7005,2594.18157009536,404.741479476135
434625006.6734,2591.91806632978,403.048282545378
434625020.0169,2591.15773863117,402.823905139444
434625032.8265,2591.29725741695,402.688014201979
434625039.8938,2591.37780367413,401.672435344434
434625053.094,2591.47460668105,401.515464249619
434625063.3441,2591.26611416884,399.775279686565
434625073.5283,2591.40385583621,398.909544156458
434625086.5254,2591.90289556757,397.461441998571
434625095.495,2593.24116460352,396.409078630653
434625109.8705,2593.57246426807,396.145163530096
434625119.5637,2593.63623146936,395.910509567497
434625128.8906,2596.42080924127,394.887299746842
434625140.0438,2605.64312107507,392.799131451964
434625154.5081,2611.5021784583,392.371324170738
434625162.0008,2649.56504876841,392.638665848358
434625173.307,2659.81630335341,392.785731708459
434625187.0806,2674.34403276996,392.786296094341
434625195.5161,2682.09914660985,392.748957400308
434625206.5942,2696.91633892583,392.0529913442
434625219.9295,2732.90800197306,391.753679772592
434625228.7477,2734.21902378609,391.317191895137
434625239.7616,2734.51636658408,391.480832547874
434625254.1627,2734.9851780595,391.585971812548
434625263.2195,2735.94280652447,392.345886961306
434625273.1349,2735.33374257812,391.507837246098
434625286.8094,2735.59745538424,391.55728174181
434625309.5798,2735.56300040927,390.952726816494
434625319.7322,2735.89841942805,391.359488969489
434625328.7938,2735.86191062451,390.20210351241
434625340.9182,2735.97376068835,388.926254139603
434625352.9986,2736.00258723033,388.597886715314
434625362.0355,2737.0018955162,388.889814586495
434625387.4404,2737.37837707416,388.76237454266
434625395.3772,2737.13301559208,387.968264133257
434625406.2788,2736.96892844028,388.164522510382
434625433.6345,2729.75153029335,388.667453679717
434625439.5536,2625.29617505553,392.017162211533
434625453.4166,2623.35303988402,392.179101364843
434625464.2482,2621.58148479678,392.357194178901
434625472.9356,2619.503034023,392.66359755163
434625486.6855,2617.77237506605,392.766514310275
434625510.2794,2617.49012514292,393.383700915089
434625519.6281,2616.42981495378,396.922122789659
434625528.5124,2617.32040131236,396.826609225495
434625541.7061,2617.99681148492,397.903508785268
434625553.017,2619.92356351129,398.338844230598
434625561.8685,2620.57380735,398.164848145258
434625587.4896,2620.47558679606,398.324934789642
434625603.4908,2620.2991326207,398.689599608558
434625606.3459,2621.21810491502,398.306602315899
434625634.0425,2622.20453072234,396.229384179314
434625639.5943,2622.47246114858,396.388592251491
434625652.5274,2622.16764362281,396.466337021158
434625661.8121,2621.92908812314,397.230856534572
434625672.8901,2621.86992671811,397.565517608131
434625687.5291,2622.13854949432,397.335365840622
434625695.088,2623.94316100091,398.688054499922
434625710.5879,2631.26149553144,402.892347748623
434625718.9861,2637.34386010655,403.766444436391
434625728.3987,2649.04129019208,403.949685495108
434625741.8483,2656.78047832096,404.177389612999
434625752.5781,2666.28005831358,404.286960194487
434625761.6187,2680.38934237492,403.874332542225
434625772.7852,2693.52514274288,403.064275455132
434625787.1195,2742.16532095881,400.700633885917
434625795.1226,2743.75986966419,400.667847679985
434625806.0033,2745.13657752651,401.586518977172
434625820.2628,2745.38667787951,400.782976701156
434625828.3664,2746.37536059939,401.426344954824
434625839.4398,2746.64102900726,401.721391415867
434625853.045,2747.04258564465,402.203474976053
434625867.018,2747.70405075565,403.190309040886
434625872.8395,2747.7602828111,404.159424641502
434625885.9044,2748.13579848352,405.302542010063
434625895.1434,2748.21263126515,405.283036948857
434625906.1272,2749.12063940067,406.463101965818
434625919.8267,2748.96932471247,406.815325256291
434625944.2123,2749.06714770774,407.058465498973
434625952.762,2748.32029138639,407.081434747137
434625961.6163,2747.88825801682,406.916575466709
434625974.883,2747.94839760535,405.396386759497
434625986.4161,2748.17272463486,405.11796578326
434625994.8388,2749.09551141439,405.009337431168
434626019.3441,2748.94666686127,404.955614249572
434626028.1586,2746.89782561055,405.13375659946
434626052.9111,2743.59851065311,405.963353895786
434626068.927,2742.13478304688,406.424383771583
434626072.5166,2738.8203454352,405.877360028256
434626099.8261,2738.3055892228,405.785038229245
434626106.0169,2735.12699355447,403.470319976402
434626119.1957,2736.162591258,401.787118798096
434626130.8286,2736.05961053596,400.790075179075
434626139.298,2735.80990430328,401.449509795491
434626152.6875,2735.6707864444,400.667959178368
434626177.0795,2735.90353318875,399.70029222654
434626187.2323,2735.56276949079,399.839597467526
434626194.9546,2736.05383781369,400.379561458503
434626208.0038,2736.0605698569,400.445017760424
434626220.2359,2736.20935209045,400.35335899297
434626228.1769,2747.81500259171,400.223044519826
434626252.6315,2833.75690052528,394.399101505773
434626261.3754,2843.00772835153,394.209521013473
434626272.4061,2846.05193431562,394.89872918723
434626285.8711,2848.1708468803,395.346871258322
434626294.8472,2851.76156131779,395.538453224673
434626305.6466,2851.42802424221,395.210567000164
434626318.8728,2851.87619456599,396.826290900598
434626328.1363,2852.71319585416,397.207278308967
434626339.1343,2852.08132577028,396.79690130085
434626352.049,2851.91506301962,396.627533844575
434626361.5563,2851.68994833054,396.492780812725
434626372.3252,2851.72884378772,396.44469973735
434626385.7726,2851.36189000321,396.482585695032
434626394.7368,2850.3792673064,396.345131504887
434626409.6468,2850.57300091062,395.928128284522
434626418.604,2849.94573383149,395.244826051464
434626427.9832,2850.54424018285,394.55363470318
434626441.1456,2850.64285101743,394.820368210784
434626452.2441,2850.36017742244,394.705110399082
434626461.4388,2853.62806100185,394.71825903459
434626472.8833,2984.70640916133,393.015684642692
434626485.3932,3006.62732053942,393.21879298249
434626494.6637,3010.73981641084,393.198925151716
434626505.6232,3020.52043364245,391.266316857468
434626519.8142,3024.22698813054,390.806592955012
434626527.8736,3028.47362362338,390.300875049591
434626539.0025,3031.45137848417,390.926662576914
434626552.7653,3034.41561937348,390.989735026059
434626561.2522,3036.10366834789,392.829194894597
434626571.7288,3037.11288880453,393.813447210993
434626585.6857,3043.57554131042,408.118528239508
434626592.4754,3039.78430519247,407.063825113873
434626694.7757,2821.5585388531,655.616884086974
434626719.7074,3014.94736013105,663.385482197951
434626727.7168,2951.71171395337,507.164134913061
434626738.6878,2969.61507774701,498.795904038013
434626752.6936,2998.32151729821,502.877212402915
434626761.0068,3010.75278708332,487.568022400902
434626772.0527,3012.54203469033,457.434888835829
434626785.268,3015.03575845657,439.138064629595
434626794.545,3023.97692327203,425.209587959645
434626805.3525,3042.9493258601,401.923010326807
434626818.7511,3041.19123961431,398.24851636835
434626827.6898,3041.2095770184,387.632737953387
434626844.066,3044.60506471217,378.422846728628
434626852.04,3045.13872207574,377.074656867763
434626861.0817,3045.90304810362,378.658967330444
434626875.3106,3045.41508186914,379.757491189605
434626886.2205,3045.82595271311,379.248405353667
434626894.4085,3046.01416435401,379.069568269028
434626906.2326,3054.62273970093,379.90088469527
434626919.0144,3152.08288361555,386.847017732374
434626927.7472,3166.48638937694,388.51753705303
434626952.1579,3179.02397425654,390.351308311966
434626961.0748,3201.57650902683,393.541827454163
434626971.8173,3207.33313046972,393.976073756224
434626999.8542,3208.26677125951,394.087087876047
434627005.1711,3208.11192838698,394.12359047663
434627018.0996,3206.35299130734,392.37206847172
434627030.6523,3206.56426326081,392.478597279915
434627038.3402,3209.21981605025,393.838239282178
434627051.2839,3207.93342859458,393.083777176353
434627061.7533,3208.62900409775,394.098629474242
434627071.5692,3208.45896397714,394.442744064006
434627084.7044,3208.72381596237,395.131839460877
434627109.6536,3209.2200834841,395.207713081349
434627118.7521,3210.20750817001,394.697272827467
434627127.6412,3210.78050173531,394.316299277598
434627138.4302,3210.73493018754,394.355090226254
434627152.4111,3210.73484244814,394.437053962664
434627160.8609,3211.600400827,394.814666734833
434627172.4011,3212.18689850788,394.639091767606
434627185.2288,3211.90815738575,393.922644365461
434627194.1266,3212.18812375672,393.755547681665
434627204.9094,3212.47538173229,393.978530914239
434627217.8158,3213.0708594445,393.563976360218
434627227.6332,3213.26090140136,393.385923360576
434627238.3434,3213.35265816639,392.915347868346
434627251.8498,3213.01828920481,393.365362117684
434627263.6083,3213.2219138474,393.055920272
434627271.6448,3213.82023151674,392.832426764857
434627285.3454,3222.43748725329,391.730282858848
434627294.182,3292.55221183216,394.319977946854
434627309.6284,3296.00628439313,394.537634462423
434627318.5173,3297.71651081098,394.589019865833
434627327.2244,3299.88692433054,394.032907585812
434627340.6354,3302.4748406872,393.640067105226
434627351.2211,3304.1448673667,393.513805269795
434627360.7179,3313.04450980458,393.071318154304
434627371.5241,3312.61243891437,391.950802215005
434627385.7043,3313.22501416236,391.357048958159
434627393.9951,3313.40037007765,391.536519272867
434627404.7241,3313.7885126533,391.65453559783
434627433.329,3314.64768947987,391.438305202353
434627438.2982,3315.10622986937,391.607834985822
434627451.2645,3315.15459106775,392.404591997782
434627463.6821,3314.91314096729,393.067397406514
434627471.4045,3315.09562737191,392.724365733188
434627485.458,3315.08596540424,389.857740752571
434627493.7321,3315.97321764743,388.153509999734
434627510.2148,3315.93440681985,388.165093929299
434627517.8042,3316.83317670121,387.104891708619
434627527.3164,3317.39020895241,387.15868510209
434627541.5775,3318.01768133714,388.204746944529
434627552.2105,3317.82661035514,388.623925597753
434627560.4501,3318.41730284189,387.416268011911
434627571.8843,3318.92649740796,388.486967662205
434627585.1756,3325.02514837239,391.118975134116
434627593.8181,3332.13458852918,392.152988279747
434627604.626,3400.61443117571,388.121670107368
434627632.7824,3415.77205298482,387.633788989104
434627637.9499,3437.0017534788,385.611646256312
434627650.7849,3447.77123702923,384.989113203045
434627663.7666,3461.76990878514,384.873187383851
434627671.184,3480.63573686414,383.634003432708
434627684.5921,3492.79144107371,374.493434656001
434627693.725,3487.74993251686,378.350077669333
434627704.5274,3489.86608369846,377.236454125341
434627718.1786,3491.47650899483,375.291575054738
434627742.2169,3492.39213931799,374.983729783107
434627752.2642,3492.08145351287,373.527172751691
434627760.3828,3491.65395898166,373.076270756472
434627773.4531,3492.61585682775,373.917199157022
434627784.595,3492.84628107728,374.522079389001
434627793.6116,3494.14070306262,375.598494295486
434627804.8552,3493.75304205661,376.453259445882
434627818.047,3493.84876956607,377.230343416851
434627826.9401,3493.94790328453,378.28847881069
434627837.7586,3493.48190816023,380.078089317414
434627851.5658,3492.89080707077,381.340591629774
434627860.2455,3492.65590450369,382.060721909454
434627871.1114,3492.78394591307,382.271402919683
434627885.0608,3493.04618020748,382.41821037899
434627898.4704,3490.99806209889,386.364432634946
434627904.4097,3491.31636404316,386.466604930033
434627918.1921,3491.2836655469,386.898579652695
434627929.5999,3492.03067206867,388.464312635695
434627937.7643,3493.75043569473,386.563242930051
434627951.0399,3491.877689959,388.202523546744
434627975.5604,3487.28748704084,390.579706057075
434627985.9098,3481.44880238301,394.031339313624
434627993.8477,3484.03148074248,393.07843962636
434628006.3589,3485.02660028181,396.373804000516
434628018.1217,3488.39584696498,398.731414389051
434628026.7259,3489.02330622986,399.659378464256
434628052.9461,3489.95333397755,399.975787523325
434628068.9366,3490.65525231482,399.74523737097
434628083.8159,3492.04830041678,400.260152758519
434628099.4986,3492.56670155203,400.298468494322
434628104.2404,3493.87150795562,399.061862088162
434628117.3987,3494.09147843546,398.752037762571
434628131.2673,3494.54410667097,398.580640111367
434628137.5534,3493.98846061433,398.629618815437
434628150.8342,3497.42861208517,397.442328441132
434628162.9888,3501.24656544263,396.495016635077
434628170.8906,3506.43048446814,394.808532258191
434628183.6956,3507.14599630932,394.632877216729
434628194.3065,3508.71713485241,394.127827771798
434628204.1372,3508.94131133927,394.122245904724
434628218.2925,3509.0220791449,394.087032221261
434628226.8191,3509.41580059544,394.876348675968
434628240.8222,3511.85408410436,400.413278567075
434628251.3697,3512.12483864531,401.07148987381
434628260.0387,3511.72340967216,400.849926596135
434628271.4232,3511.23721972666,400.644847518337
434628281.6591,3510.89271799252,400.669779133962
434628295.0018,3502.29772538676,400.45213068855
434628304.2376,3407.15421598919,399.659437164402
434628317.7097,3362.21875373159,399.499884072623
434628328.7418,3185.34766567256,406.422865053798
434628337.5689,2904.65269402202,417.9986845776
434628349.2114,2715.06740516473,425.892373720907
434628362.2339,2630.89756575757,429.486179388101
434628370.7228,2474.14796467764,437.340252130309
434628396.006,2456.1111432956,438.133694629894
434628397.9735,2451.1295848428,437.930049923076
434628405.2759,2356.36286497868,440.868174698962
434628414.9944,2302.16457373747,442.655326259025
434628428.9376,2222.36043612902,444.877482037297
434628442.0214,2172.6601148056,447.483743679291
434628448.49,2162.78994441801,448.279664272659
434628462.2309,2163.48790721432,448.199116646452
434628470.9156,2163.18141078429,446.768744682791
434628481.6202,2165.55779511734,451.356924843247
434628495.4322,2164.87055634763,451.756706477996
434628504.2324,2165.56475421356,452.221401486288
434628519.7355,2164.91255920988,449.304720383309
434628528.3646,2164.70770518444,449.053023710203
434628537.7055,2162.51574747808,450.914741271957
434628550.3121,2162.0534288548,450.631242081078
434628562.621,2119.62199266438,448.282408522444
434628570.8784,2112.10735463291,449.763709290822
434628595.6383,2110.23005553723,450.331142893297
434628611.2284,2107.7284163834,452.394863146687
434628614.9328,2103.05543725971,453.275734546482
434628628.8862,2099.05300669528,454.120324167398
434628637.4977,2098.92924655304,453.880093421695
434628648.2237,2099.19891929216,456.51953474604
434628662.2262,2099.40815602552,456.187217829557
434628672.9305,2100.08969463948,455.342647985155
434628681.6079,2099.92233257611,454.864883780455
434628695.619,2099.12629454075,454.896670562361
434628718.2482,2103.27370370816,453.935686711938
434628729.2964,2104.45265098568,454.433824166573
434628737.5896,2105.12091967848,455.165515455348
434628748.5933,2106.73684648791,456.651028381666
434628762.1515,2112.99219324211,456.46542071294
434628770.6969,2129.49521707239,457.076217914938
434628781.3126,2173.90921514289,459.938060530666
434628811.1288,2187.49478692216,460.456142511132
434628814.8717,2205.66635607152,460.731561524636
434628828.7335,2216.97483742415,460.764844665109
434628841.0754,2228.81935712917,460.794746887736
434628847.9978,2276.0889813008,461.56902139921
434628861.825,2293.37409615841,461.9784497634
434628871.7953,2293.37962591092,461.589534237933
434628881.4511,2292.17740428924,461.498222627345
434628893.8777,2291.7800559057,461.692434446579
434628917.8206,2290.37553807088,461.472098686913
434628928.7064,2288.69248984652,461.904809127393
434628937.1279,2289.7216193282,462.083968963318
434628948.4808,2289.55200867043,462.476113299935
434628961.5852,2288.95956800609,462.873813878082
434628970.43,2288.25255117781,463.043829925014
434628981.3812,2288.19873628464,462.95702540099
434629010.6123,2288.59841242808,462.836627130133
434629014.5773,2285.92724729157,462.935350574672
434629028.417,2278.76287872977,463.247865447591
434629037.1863,2230.53473620854,461.048124860211
434629047.907,2226.45945567458,460.823326244579
434629061.4707,2220.03464748313,460.177933964335
434629072.5298,2218.82391520017,459.995313187488
434629081.3416,2216.98701357555,459.797405013515
434629095.0148,2214.87611312812,459.471457412105
434629103.867,2193.03195539165,457.198734527057
434629118.3078,2195.85455168746,455.911637957378
434629128.8557,2195.64148874459,454.637832824953
434629137.2464,2196.11953405246,453.019149875373
434629149.8541,2196.00780166501,452.431769858623
434629161.3141,2196.16236171898,452.475867904575
434629170.3972,2194.73247098672,450.548379777103
434629195.9459,2204.54343222765,450.335607259856
434629211.9477,2205.91226447672,450.278917117586
434629214.3455,2315.17197081831,454.941870782599
434629227.6855,2361.29284294097,456.045442720401
434629236.757,2405.576811307,456.73919773189
434629247.6669,2432.12465089664,456.666476100278
434629275.679,2448.65858955313,456.085729889503
434629281.1778,2485.4139649062,455.178656634827
434629294.8177,2486.97262887015,455.421886139264
434629306.609,2487.24492848978,455.386580842176
434629314.4218,2487.14274185327,454.687315733871
434629328.3587,2487.15590086477,453.809163747995
434629336.665,2486.7077933883,453.86847934097
434629352.3334,2484.83556076384,455.555878020316
434629361.3808,2484.34349034766,456.130628837894
434629369.7527,2483.93431073203,455.041704528559
434629383.7158,2483.22070346029,454.019513920616
434629395.3578,2475.49023173993,470.454672114439
434629513.6228,2240.79141959203,832.207619817145
434629528.2287,2293.55620330289,638.896985454898
434629536.2849,2287.83508038388,634.012624406743
434629547.3378,2273.08016771087,593.80768933111
434629561.7532,2252.77748490725,587.194091070562
434629569.9206,2282.76488751075,563.929410273301
434629580.7094,2368.39829460003,506.814816915018
434629594.9423,2376.27782327448,500.689342918091
434629603.5683,2354.21312699237,513.98264760586
434629616.3171,2336.84268669679,523.094556212156
434629628.3447,2310.21725056186,534.540873795184
434629636.843,2323.21914821428,522.254597640192
434629663.2116,2374.6736238897,482.907821704173
434629678.7425,2414.19417201596,455.511583656794
434629680.8645,2414.33009469493,451.469381948515
434629695.4,2413.63569242715,449.779901117945
434629709.3937,2414.69161406647,449.759774677381
434629714.214,2418.51434875218,451.170656909093
434629728.8569,2418.68987524483,450.84159513231
434629739.9327,2420.74328837012,450.283691445548
434629747.1106,2420.34616458543,450.210078532949
434629761.2779,2419.28501288225,449.574936904308
434629770.7528,2418.03107562384,449.641342188395
434629780.7875,2407.53499093802,449.992090419648
434629794.943,2345.66791978237,450.501481517141
434629803.181,2336.8128354347,451.759430914598
434629817.1189,2330.23417825223,452.359044941961
434629828.5163,2326.76957602031,452.700797803875
434629836.3638,2320.45069153509,452.863332364455
434629847.3963,2315.64899903352,453.838177360923
434629861.8158,2310.83487503573,453.965072229487
434629869.6144,2311.09676610841,454.856764315911
434629880.6161,2309.53868643959,455.132794158664
434629908.8096,2308.95360654592,455.930348526802
434629913.9485,2309.46633872982,458.207815644986
434629928.1358,2309.40569809144,458.580671797739
434629936.3618,2308.5035381787,458.849401913396
434629946.9896,2306.91030161278,459.261624691712
434629960.118,2304.70850917498,460.164833103411
434629969.7372,2303.95323371564,460.281102134427
434629985.6313,2304.34895808038,460.739658117773
434629994.1109,2303.37088977305,460.823891565306
434630002.8855,2302.20776561938,461.594784926358
434630016.2405,2301.85662936423,461.764209608583
434630028.2264,2302.77068986769,461.412945953587
434630036.2784,2302.52630147637,461.266589547794
434630047.3433,2302.72899112518,460.674289904981
434630061.2643,2303.31443858075,459.937826074256
434630069.5287,2303.85244153399,459.238691160579
434630094.1194,2304.28758924391,458.925796524313
434630109.4943,2307.03612414269,457.94827594925
434630113.7301,2310.47955169364,455.768620369644
434630127.4733,2311.93147984835,454.718349650782
434630140.7571,2312.98098846889,454.075772194144
434630147.046,2313.78296879029,454.058385816253
434630161.4803,2314.72544431643,453.711959781971
434630171.6096,2315.05656449392,454.164640877915
434630180.2377,2316.79606927674,453.764408007306
434630194.2137,2315.86697633501,454.013314599526
434630218.2071,2316.6141210853,453.917173250852
434630227.5357,2319.40484759481,453.56664211985
434630236.153,2319.78942502111,453.768063429072
434630250.0831,2321.42176047186,453.723028727218
434630261.2297,2416.10558035056,456.019594654599
434630269.535,2435.17066698704,456.14541260492
434630281.8463,2449.94583047075,455.975845559986
434630292.8849,2459.59258139591,454.805790131898
434630302.629,2466.82014284711,453.877408100698
434630313.7588,2472.92210711819,452.684222819669
434630326.9834,2472.92625499962,452.444402845053
434630336.1614,2472.80088082613,452.72768503336
434630346.9247,2472.9913256592,450.337814645315
434630376.0358,2472.89055689191,450.081171011871
434630380.1198,2472.0809431834,448.326816405466
434630394.0677,2472.05271872446,448.52478559875
434630402.699,2471.62021204348,447.947585548767
434630413.5739,2470.24516670438,446.393714602499
434630427.4096,2469.61860398223,445.556078326179
434630435.99,2469.96944840874,444.903814533698
434630446.8219,2469.94740044692,444.808363069759
434630460.8166,2470.52642788641,444.964187405742
434630469.6449,2470.64293023036,444.857436006878
434630480.0927,2470.68000543903,444.865026707968
434630494.0056,2469.63748030723,445.838845322532
434630502.6845,2469.7326998253,445.921866355901
434630516.2251,2471.22415906836,445.574876475379
434630527.5521,2472.00058461673,445.952420050729
434630535.8552,2479.3153460796,446.644939017436
434630547.5881,2491.80097271729,447.361181508158
434630560.6538,2504.03588226352,447.774520143935
434630569.2566,2516.5776369138,448.360438835383
434630580.0374,2535.43098402631,449.820353388661
434630609.6941,2545.74762405221,450.410563816963
434630613.5777,2590.71075904493,453.543635082764
434630627.2324,2591.00268638063,454.096360186444
434630640.7093,2590.88191298934,454.440842506446
434630646.7703,2590.19357718986,454.769011216119
434630660.696,2589.11156691313,454.497906628399
434630669.3257,2588.8731047196,454.452354205259
434630679.5541,2589.05979048463,454.549675228092
434630694.6362,2586.16215900744,450.014275164832
434630702.3506,2583.71906062045,444.40176373016
434630718.2473,2639.88539574306,444.922322314476
434630727.8461,2679.42717739439,444.43574351252
434630735.8975,2682.60650436378,444.569582182265
434630749.3681,2684.91241535329,444.570825977088
434630761.5315,2687.49408235115,444.486176565652
434630769.1904,2690.17704091334,444.200662099601
434630794.882,2703.88322741251,444.125669774411
434630810.3654,2705.65518428635,443.206121545412
434630813.2811,2707.46242477587,440.958104912021
434630827.08,2707.96299203133,440.735899466337
434630840.9741,2707.57598357518,440.861209567727
434630846.4964,2709.04831924194,439.219648098672
434630860.9464,2709.75572259328,438.30027342074
434630872.284,2708.06908593764,437.492246902026
434630879.7964,2707.54099637089,437.21023945382
434630893.9149,2706.81837911516,436.536889591002
434630902.7347,2708.52060219524,436.418659497655
434630913.2549,2707.19926001839,435.66510890565
434630927.6994,2708.9066328897,432.985834591828
434630935.9196,2708.95483173763,431.975463711751
434630949.5395,2711.28783833936,433.082214117859
434630961.6771,2721.91558365172,435.524874066399
434630969.2678,2731.2151855462,435.374085682383
434630980.8573,2846.35351395533,432.292923248056
434630993.481,2848.41601667314,432.377581325547
434631002.3874,2851.85041288326,432.348407495149
434631026.8427,2852.68112044627,432.400000887748
434631042.1808,2854.98511662831,432.474656017252
434631046.5748,2872.41040754376,433.8968853578
434631060.931,2875.31540207996,435.543481575187
434631069.1539,2876.1500670396,435.963094442412
434631079.6897,2874.79637077322,434.427848316897
434631093.6992,2875.83406695689,434.628678088525
434631102.2473,2877.75528987947,434.565485264571
434631113.1499,2878.007648646,434.305392288859
434631127.0606,2879.2161307886,433.760278719704
434631137.5631,2879.37673042576,433.355944188293
434631146.3603,2879.83701586922,432.531644369962
434631160.9904,2879.71575472484,431.980446662806
434631169.2436,2879.67812663419,431.695774018394
434631179.6227,2879.79857110024,431.567696676137
434631193.227,2879.76536829454,431.644298195842
434631202.1851,2879.7810801365,431.379376776271
434631215.4604,2879.89935793048,430.848289464511
434631227.4119,2879.76483066401,431.083914183087
434631235.3506,2882.68229041802,431.339192326898
434631246.3872,2918.00425441503,431.556638606706
434631260.7435,2969.88357456937,432.719255568873
434631268.7475,3001.20548428221,431.869720818988
434631279.6193,3012.43368606001,432.111254653427
434631308.6016,3023.64451373812,432.035570653117
434631313.2655,3035.64471205023,432.772549088065
434631326.5108,3034.58709184856,433.258708647281
434631335.2685,3034.41884749882,433.098642591724
434631346.0638,3034.0869967995,432.684391845708
434631359.2507,3034.13402793075,432.716099358909
434631371.0099,3034.43531973064,432.815714114985
434631379.5226,3035.34576214524,432.046172239575
434631392.7707,3035.07928723786,430.53376979678
434631417.1391,3035.10633089885,430.553812599471
434631427.2291,3035.88585330677,429.629786334839
434631435.4661,3037.45624493782,429.58914297164
434631448.5279,3052.52308759698,430.061753848112
434631460.3594,3068.71848391117,429.969831516643
434631468.6792,3104.99052008612,429.732289890933
434631493.9143,3114.95655456854,429.697152993091
434631501.918,3137.5661224383,430.187779148444
434631512.8448,3148.8114163744,430.603979182142
434631541.6934,3209.0121175018,431.383589850572
434631546.0118,3213.41922835134,432.092362861941
434631560.1527,3214.03885786501,432.047282300421
434631568.5611,3214.87953562325,431.219882808087
434631579.3572,3215.58920688746,431.431146976128
434631593.4069,3215.81955826337,431.781079016083
434631601.8948,3212.34463054461,434.164014429963
434631613.0052,3211.08322293651,436.276269509573
434631627.1371,3211.97136037767,435.403756065031
434631649.9166,3212.63230826175,441.609139228326
434631660.8841,3225.62095204757,526.957808838549
434631742.6788,3340.6757391875,632.926669009457
434631745.8846,3296.67226951626,620.141879428893
434631759.2611,3259.67405598944,572.1079157572
434631772.9263,3236.55128538231,532.209181064785
434631779.3994,3227.75439831458,488.882544237353
434631793.5963,3226.15456373067,480.390260236066
434631801.6984,3227.5353882845,473.653033309333
434631812.6061,3230.36242626879,461.01789832505
434631826.5206,3232.49186716993,447.53991128396
434631835.0683,3234.66686647029,435.445682664404
434631850.4124,3236.30574017529,423.662080680183
434631859.1699,3236.0923530622,421.790375414444
434631881.6203,3237.66251219641,421.170962812111
434631893.6495,3235.4422365506,420.14771103973
434631901.5619,3233.259894151,420.568440479801
434631913.0132,3232.51066321912,420.546409082503
434631926.318,3216.0550341393,422.91603937618
434631934.8966,3207.00401803623,424.403378713572
434631945.952,3200.73009972429,425.505244024055
434631960.0565,3191.02032884364,427.208869932458
434631968.1464,3188.61476815835,427.963570813074
434631979.0892,3185.09868112899,429.048360080176
434631992.6588,3177.72966585117,432.00799455334
434632001.5742,3178.29573081587,430.924853802091
434632012.4161,3178.56742721806,429.64511387541
434632026.4175,3177.15191462808,428.698281952726
434632034.8106,3177.4170833496,428.155330569191
434632045.9641,3177.48137625251,428.905432384846
434632059.9742,3177.49004702817,429.456078735513
434632082.8741,3177.51662888701,429.261715773331
434632093.2357,3177.20918697305,429.715205593121
434632101.3169,3177.23964707547,430.8423064055
434632114.2564,3177.5060293615,431.984160820475
434632126.4064,3178.88345180643,435.065591278339
434632134.6973,3179.43308433647,435.596278819999
434632161.7285,3179.51806266036,435.195777334813
434632177.4563,3179.55543317841,435.286356305437
434632192.3718,3180.4142381454,435.106371124029
434632207.8041,3180.46406314404,435.607149239312
434632212.1827,3181.73942997493,435.722717705683
434632226.0287,3186.56954403283,437.986162143656
434632238.6915,3227.02534339541,445.629584905723
434632245.7449,3229.65712506048,446.306111590639
434632260.1818,3233.3186102034,448.866677896047
434632269.6509,3232.57855884603,448.906730085251
434632279.0141,3228.59325720843,453.25135007985
434632292.8827,3231.61741712679,455.139503520434
434632315.4856,3237.02774799266,456.637485059781
434632327.0258,3240.23447625862,461.309810411031
434632332.9638,3238.48427811796,462.621636391435
434632471.9912,3289.54275842772,620.94346594088
434632485.1719,3122.68141316191,698.99806018449
434632492.1284,3122.68141316191,698.99806018449
434632518.3553,3115.1046301454,685.842105049363
434632533.8658,3151.12067316192,633.545888141673
434632537.7505,3174.12288952232,539.315355587021
434632551.8223,3182.46500408849,484.150178301049
434632564.0251,3186.91112814621,473.637477346501
434632571.0294,3189.6827334939,467.246098942082
434632584.4545,3190.6518641985,485.751814702663
434632593.588,3192.58061691513,480.975902910544
434632609.7769,3197.90068752788,472.935235806278
434632618.6672,3214.56511350789,446.525495967499
434632626.5391,3218.55516293659,443.862671119558
434632640.703,3219.63529457322,443.401647751807
434632651.04,3219.61574832843,442.425327945814
434632660.0487,3219.68829639426,442.401755991998
434632671.6693,3219.9108445335,442.534460463567
434632684.3903,3220.13406991946,442.252719915338
434632693.3569,3221.53283292499,441.102675963662
434632704.0866,3219.48834326749,441.650570285331
434632733.2318,3206.47187832589,442.163478753462
434632737.5484,3090.97046983303,443.680123191391
434632751.9796,3083.67979147341,443.956734194867
434632758.9033,3065.85040945213,444.819470791146
434632770.8773,3057.48846004446,445.08628937955
434632785.137,3047.33611602605,446.062260085747
434632794.7449,3017.07238934243,447.384256158251
434632803.9229,3017.02623521189,447.938794121101
434632817.7946,3015.40102456348,449.875180043734
434632840.9007,3020.26539204397,451.561235748001
434632850.7939,3021.75371830897,452.823138074834
434632859.4968,3022.46730806522,454.739339687826
434632871.6616,3022.72418154451,455.254804750046
434632883.9959,3022.55766207083,455.097956142739
434632891.8527,3022.06908393195,454.786306908923
434632903.8491,3020.24500048546,454.736799818158
434632918.1537,3019.1530679847,455.401920207794
434632925.1367,3018.80189627504,455.764478338444
434632936.6151,3016.9060948393,455.525431426778
434632950.9856,3014.43690803495,460.985207789224
434632958.726,3014.71105839014,461.015005107459
434632970.1711,3015.62492437841,460.083120609973
434632983.74,3016.62098255894,458.262290138003
434632992.2143,3016.09763499523,457.235000937697
434633003.6183,3016.16766328547,457.420570036854
434633017.9765,3023.03118936398,457.952909215778
434633040.8904,3028.76716648084,457.545528028276
434633051.9205,3076.70375694426,454.076575965434
434633059.2199,3098.5881309101,452.152882385303
434633072.3755,3107.92996005436,451.378535041378
434633083.7307,3117.24047119851,450.413426950596
434633092.7513,3128.86963834147,448.874445209452
434633103.5388,3154.89293954614,446.970291803695
434633118.046,3158.28582601069,447.140197000773
434633125.526,3159.68823196026,447.829606478062
434633136.8822,3162.22830995292,447.768219516162
434633150.814,3163.191830015,447.097884779431
434633159.2302,3176.61351650447,447.598791927512
434633170.2153,3207.51131466235,448.61096076175
434633184.2508,3230.3353063012,447.954073085839
434633192.6948,3237.04926179483,447.489454607544
434633203.6715,3243.6949215438,446.98819374711
434633216.9076,3249.5021888946,445.806288802077
434633241.144,3255.31237093145,444.802069014642
434633251.4397,3272.10558562448,441.77037237159
434633259.2294,3273.93087820204,439.960605192655
434633272.2352,3272.98895377037,439.06480279179
434633284.0095,3273.01497644571,439.10463623133
434633292.5904,3275.82856818106,437.390737910917
434633318.242,3278.89596388866,436.071689757569
434633325.8583,3286.61891793751,431.54202483725
434633336.8102,3287.29453881654,430.710574064097
434633350.9806,3286.30984474214,430.767991374614
434633359.3762,3289.70684087725,429.001962718374
434633370.2848,3290.73619148626,428.42227286506
434633384.0937,3289.88520439153,428.822423993664
434633396.3304,3289.59918177962,426.100366142017
434633403.5143,3289.75799427676,424.346043019729
434633417.7916,3289.35919521146,422.431796668891
434633426.6532,3289.5052401604,422.193963011706
434633436.9946,3289.63454476192,421.977487372081
434633447.6539,3291.82116648455,419.641272018662
434633461.7214,3291.88043145411,418.461812813098
434633473.0852,3291.88550836025,417.975413847367
434633481.1333,3291.83463952522,417.495349903825
434633494.6473,3292.54399818119,414.74276846896
434633504.9076,3293.03605263599,413.617974505345
434633514.4847,3293.83468356674,412.523305519523
434633528.003,3296.1951232249,412.041943814122
434633536.7991,3296.5151155485,411.797155231375
434633552.415,3296.95037598486,411.286707584983
434633560.7496,3297.07423887365,410.733597059313
434633569.968,3295.7208140107,410.48181462398
434633584.0494,3294.23087152192,409.583129000985
434633594.7778,3280.14486707226,409.251582080881
434633603.5761,3277.03459322782,408.535941918405
434633615.164,3271.90940480727,406.824258855713
434633628.5092,3269.62918671738,404.843709374601
434633636.6438,3266.75123240293,404.691018062904
434633660.9729,3265.9493396478,404.511590588171
434633677.0487,3263.97387783698,403.888412577891
434633681.1399,3263.90883842699,401.448542443878
434633694.9773,3267.21533316883,399.466520725728
434633703.4254,3267.12121892497,399.381757000293
434633714.2146,3266.31751226033,401.629725873978
434633728.1922,3259.53325664198,401.987178430758
434633738.8055,3226.01946956094,403.290937874074
434633747.6122,3219.16641132036,402.682170162161
434633761.7248,3215.49720428404,403.425942022684
434633770.59,3211.95204709519,403.62988140612
434633781.0832,3210.10981973927,404.197401374032
434633794.8063,3209.26767965344,404.002231152592
434633803.2528,3206.99110630252,404.53832217624
434633817.1841,3207.00333405928,404.69416505341
434633828.5179,3207.1290796137,404.520439462956
434633836.5537,3207.69135781347,404.802877915894
434633849.3124,3207.97505728689,405.556693972088
434633862.3545,3207.51340291454,407.271759533387
434633869.8316,3207.47532067318,407.637973182827
434633880.7108,3207.64806088175,407.398562574594
434633895.3833,3207.28883252506,407.916002774124
434633903.1669,3207.836786858,408.254057581226
434633913.9911,3207.68020426836,409.642736153939
434633928.0422,3208.99187776625,413.235761238201
434633941.6174,3213.42390840429,414.888845827633
434633947.5612,3219.93352578337,415.971274423592
434633961.3793,3226.64557819088,416.178343541704
434633972.3162,3233.27354383918,416.55319163512
434633981.1347,3246.45483131565,417.818266094724
434633994.8238,3251.86633285573,418.507898469902
434634018.2042,3256.3874644283,419.259774552056
434634028.7808,3287.70059796995,423.176836410966
434634036.5988,3287.1041198366,423.390239874578
434634049.1409,3286.05560184514,423.452987804721
434634061.73,3285.90039916062,423.974178863895
434634070.0003,3286.00299214246,425.769838868053
434634095.5648,3286.05277932046,428.957915780179
434634097.4016,3285.88766025527,428.37622191997
434634111.3165,3285.82054813013,428.850120271195
434634113.8509,3286.12605955571,428.806618433989
434634127.7545,3287.2262884791,430.222574682808
434634141.8308,3287.90314808142,430.539975787801
434634147.1229,3313.49778005168,432.353063430922
434634160.9785,3352.9495388106,432.895370567118
434634173.0768,3369.07415336552,433.019420885354
434634180.5329,3382.52605830759,432.996782785841
434634194.4942,3389.79086919868,433.020497606154
434634204.2188,3397.29280027381,432.834995497481
434634214.1799,3403.26465908886,432.890149020741
434634228.2605,3437.22583766687,432.848127688776
434634236.1861,3452.31168040339,432.615519362716
434634250.4619,3452.01927819957,432.98466027415
434634260.9057,3448.25545751699,435.059406049344
434634269.7463,3448.85176356271,434.239299998686
434634280.7905,3446.66379867174,436.255048149184
434634294.9611,3446.40732768426,436.584746744525
434634302.9741,3444.64471205907,438.447752820632
434634313.6709,3443.63243782418,439.822618533467
434634328.3971,3442.30476179544,441.144823615527
434634336.1215,3441.30003237887,441.895170912171
434634347.1123,3441.4886246723,442.15060370559
434634361.0347,3438.57205413815,445.009709532386
434634372.7795,3438.10044900957,445.445792936965
434634380.3764,3436.4521575279,447.449957401707
434634394.9125,3433.33152197629,448.727555473696
434634403.6612,3431.30422910332,449.720762589229
434634413.7901,3429.91837543492,450.325395247677
434634427.5359,3430.61547886581,450.625991984061
434634451.0804,3431.88729802369,451.854632255083
434634460.7146,3466.50152614021,459.061917493646
434634469.149,3468.89647005479,458.875260860129
434634481.7707,3473.83699771263,458.275924171521
434634493.9743,3476.89964310345,457.516368665285
434634502.6041,3476.93917124775,457.391282414891
434634527.2829,3477.8815877965,457.015434327147
434634528.9117,3480.74630272088,455.513379742771
434634535.8522,3490.03907423441,452.326416003268
434634546.8823,3489.9411179634,450.155295834857
434634560.1692,3489.92161463918,449.873389012288
434634573.7532,3487.23854289542,454.57813640942
434634580.1945,3487.83414773991,455.648526036675
434634593.3732,3488.20603671187,455.546422166576
434634604.6434,3486.94821298234,454.655620685107
434634613.5148,3487.53079588203,454.66251281921
434634627.9471,3486.59306336817,454.877911725426
434634650.9705,3459.02716509747,455.270296406492
434634651.0185,3279.4659902713,456.382764556841
434634660.051,2852.91322258645,462.188696965292
434634669.4243,2919.4409396822,460.51387493511
434634681.9042,2925.83549042696,460.655425718636
434634694.3662,2879.21971670193,462.197794024431
434634702.6788,2469.30319924222,482.796714212794
434634713.3599,2454.16002081552,483.28584725291
434634743.4491,2369.45686221007,485.858442174221
434634746.9121,2453.30090280068,479.430953580597
434634761.5694,2196.90514799037,491.730073769681
434634769.3322,2189.84165634238,492.598094607535
434634780.1208,2186.13376390308,493.521791688867
434634794.7587,2182.70178030922,493.608467861637
434634802.6459,2181.24639639388,494.347203312829
434634819.1836,2179.67934152612,493.800406859063
434634826.9134,2179.2857331573,493.481456147111
434634850.1263,2175.84034718446,493.76645624473
434634860.5902,2159.45569179714,496.393723607198
434634869.2964,2145.30101817372,499.218073696546
434634881.4518,2139.86652018735,500.335473905937
434634894.0887,2131.66768380599,503.279484265684
434634902.7795,2127.00504829617,505.639910283272
434634927.3936,2119.14187473139,512.031658660536
434634942.8519,2110.26058333225,515.989349998791
434634946.9949,2106.79710081651,513.155225552166
434634960.6014,2107.28658827365,513.999827785488
434634973.4314,2107.49033063055,514.45313974946
434634979.9701,2107.95573871965,513.506302833071
434634994.3675,2110.33859999342,515.451315599386
434635002.4487,2113.58861187144,517.018118214171
434635013.0366,2112.01370375482,515.317789660946
434635027.698,2111.13159096297,511.84028135299
434635051.5174,2111.30546862543,509.308262280735
434635060.8428,2108.99284694664,503.74374474876
434635069.2751,2108.85804879015,503.698192128823
434635082.7476,2108.59032246791,503.645536484406
434635094.1444,2109.11493588663,503.306697677945
434635102.3724,2112.4405592713,502.596404160997
434635114.2219,2127.48131671306,502.693919395628
434635127.4885,2171.89295854984,505.954762527913
434635135.5326,2181.84915901408,506.526713962131
434635146.7183,2192.38934420603,506.79470057266
434635160.9388,2201.92318006192,506.88730832143
434635169.0239,2214.01281199072,507.929404506337
434635179.9373,2219.76505513978,508.448765263746
434635193.8802,2238.52056385757,510.19430347498
434635201.1997,2238.2983811157,510.696619024685
434635211.2265,2237.95964609406,510.537323194988
434635295.7836,2219.22775602353,534.479083451543
434635301.9002,2156.28383765883,582.979479741364
434635312.8854,2135.06169684752,696.450523603025
434635327.4649,2136.03464073976,703.951246792283
434635335.2566,2152.85247176589,688.083720915854
434635346.5204,2150.17219333152,677.937755863071
434635360.9022,2161.5179136826,671.270188013135
434635369.3056,2168.851326541,664.324909099505
434635379.9776,2183.91319984922,646.546770840671
434635394.4941,2197.87737755364,630.015987902731
434635407.2338,2212.96427106909,609.458703221671
434635413.0655,2237.76981845559,573.239032527816
434635427.1684,2258.15145163849,542.273389289868
434635437.9295,2273.33742658754,519.736696730145
434635446.4784,2273.5021184256,518.302381433822
434635460.9254,2272.32251536801,518.095700040888
434635485.2226,2269.82339031495,518.500937621072
434635493.6813,2266.90416353106,516.380501606244
434635502.4694,2267.23123074472,516.499204660901
434635515.144,2265.53226460392,515.74536795791
434635527.2092,2264.41892765865,514.078693887246
434635535.5511,2264.55258617051,513.792018989697
434635547.1756,2264.05256648063,512.308421096038
434635560.7201,2263.0571882007,510.829552687549
434635568.9356,2267.87319216558,509.545186431026
434635579.6025,2269.41522600951,509.177924630387
434635608.8844,2315.03200592069,503.898027340918
434635612.9744,2387.79925277337,493.822435058901
434635626.4214,2398.657203563,492.198144351305
434635639.7032,2412.00104536387,490.786288604312
434635646.2537,2420.76916158168,489.872051974733
434635659.4189,2444.83185809153,487.034232484916
434635671.5696,2447.13926633746,488.558998484085
434635679.6253,2450.13056719153,490.934481899921
434635693.7575,2448.14780970652,488.815218164171
434635716.9361,2447.9208635604,489.440449748164
434635727.122,2446.72465606028,491.354249765718
434635735.4014,2447.55482528751,490.559939525545
434635747.1553,2447.79430125615,490.395690265118
434635760.2462,2448.83307447988,490.731550359066
434635768.6502,2449.56356181462,491.367713708959
434635793.7947,2450.74464368465,492.705015992196
434635801.9954,2451.5431035769,493.512604623705
434635812.727,2451.85746119377,493.504310815837
434635826.4866,2452.09607347811,493.462081858323
434635841.1112,2452.47287511353,493.863123167508
434635845.963,2452.91251349791,495.345580566658
434635859.1772,2452.89464708041,495.365809954891
434635871.8507,2452.77022158136,495.615967950901
434635879.4016,2452.61520845117,495.805059967882
434635893.5001,2451.72584188603,495.272354971323
434635901.9847,2450.15142239506,495.089038428036
434635912.5758,2450.52071948594,495.186891293828
434635926.6942,2459.42977177502,494.499519575472
434635935.1271,2538.28222081033,488.078099622999
434635948.3898,2546.82286582034,487.962992140423
434635959.905,2553.72263457396,488.963695908376
434635968.3555,2557.17981029225,489.394818379014
434635979.1572,2561.57587423491,489.338981323151
434635993.3905,2564.16530808107,488.594149627569
434636001.7227,2564.8152885014,488.893865466059
434636012.5711,2565.49513886166,489.652844657136
434636026.2518,2565.44361113196,489.775002474726
434636035.1273,2566.07168558667,488.404242697108
434636045.868,2567.09856440817,487.867938827335
434636059.939,2568.04966224161,487.865889499218
434636070.5572,2568.69748802429,487.989488327506
434636079.2515,2569.35366548718,488.105512319809
434636094.1476,2569.89854560373,488.61028655935
434636116.4712,2570.19624473763,488.890950065627
434636126.3703,2570.52328799682,489.551676062537
434636135.1305,2570.57785388,489.34153839977
434636146.9801,2570.88889715878,489.292402967715
434636160.186,2569.85299354815,488.884624859084
434636168.4924,2559.16485596421,489.128778153339
434636179.2369,2551.90297394718,490.57160843362
434636208.5258,2394.41999356117,498.909257000286
434636212.6345,2359.55620837665,501.269083474733
434636226.657,2351.38158400568,501.739141073987
434636239.2572,2340.62874628142,501.931294850026
434636245.8584,2329.42920876483,502.390686352063
434636259.638,2299.53437050005,503.721706683046
434636268.2422,2300.30382868278,503.986238923582
434636279.1718,2291.59642432503,503.056153381839
434636293.5016,2291.58961164849,501.634835197897
434636301.7342,2291.5046156124,502.529524528359
434636317.3851,2291.22278332503,501.344432451678
434636326.2408,2289.2407013643,501.003134583685
434636335.026,2279.70142537877,499.621417104685
434636347.8482,2200.47006713826,575.199096046287
434636359.5991,2182.44926938485,591.098617543492
434636368.3567,2170.54625213278,600.617904542337
434636393.7125,2161.81080247178,608.633012638477
434636408.9833,2148.68948612131,622.642575175598
434636409.0146,2139.19687419266,632.702456741597
434636412.667,2129.94110495898,642.452783541582
434636426.3358,2114.51800642759,658.922559992938
434636434.9333,2113.63226283651,658.979428314607
434636445.7919,2112.96432182508,658.489243171785
434636459.7322,2112.5025972133,659.575657837588
434636470.8761,2112.402278542,661.241796086549
434636479.0769,2112.2236873021,660.981878560631
434636491.9856,2114.4296106434,660.492927734349
434636501.4986,2114.27046619402,661.029023615189
434636517.0895,2116.37369243704,662.744455411776
434636526.9246,2116.6791883516,662.964370245656
434636534.828,2117.36148628012,663.29062408635
434636548.1193,2118.21825752368,663.943619975681
434636559.7324,2118.98685972035,664.671848781359
434636568.1164,2118.74613763095,664.661134517238
434636594.5942,2116.02180647129,663.618281946545
434636609.7533,2115.16084146222,663.54560118004
434636612.2394,2115.81655130686,664.027948955351
434636626.1313,2126.59066568626,664.193717465575
434636634.913,2221.15634232952,664.566582342796
434636645.7685,2260.95526206781,665.198880224334
434636659.1345,2271.57588796419,665.128785561673
434636668.1037,2282.84800103675,663.722308381315
434636678.8347,2289.77897922506,663.317992664056
434636693.1291,2295.19464021066,662.96612460459
434636703.8071,2298.1898683097,663.469178743655
434636712.1124,2299.52049188864,664.219069590103
434636725.2774,2300.81522372806,663.407023840754
434636735.772,2300.85952480473,663.112787274624
434636745.2957,2302.62854122475,663.021272497074
434636758.4543,2304.11759143734,663.155277499847
434636783.0944,2304.75396935582,664.002064531707
434636793.1986,2305.32601337862,664.888863712964
434636801.384,2305.30764868222,665.10709932031
434636812.1895,2305.7318403509,667.091463415592
434636825.9936,2305.55912696638,667.847091959638
434636834.6543,2305.40924609652,667.673395380989
434636859.5792,2305.3130958756,667.892719361263
434636867.8725,2304.35234618089,665.981745656667
434636878.6364,2303.48358110084,663.572429586705
434636907.8949,2303.4349110298,662.944000000362
434636912.0899,2302.95372577275,662.114531669986
434636925.4394,2301.66868598491,662.035949416812
434636939.083,2301.18165632095,661.615039470805
434636945.4124,2300.94020404886,661.263215743019
434636959.078,2301.13037681935,661.437670407468
434636970.033,2301.80520399937,661.322243790042
434636978.6649,2301.70119965218,661.289493807178
434636992.5179,2301.43518777226,660.437826724942
434637016.1602,2301.43944712374,660.391301922151
434637025.4393,2303.50083580594,661.727348814014
434637034.6491,2313.69791237627,662.541048171578
434637048.0609,2372.09686717995,669.54434968123
434637059.2486,2375.17521875397,670.038156377988
434637067.8862,2378.58998888962,669.994745945127
434637080.0319,2380.98559377787,669.668796293731
434637092.9364,2383.61491307954,668.884722406852
434637101.2831,2385.66917697671,667.91846862158
434637126.1696,2386.39673910696,666.037951534449
434637141.5783,2386.85465834613,665.483262086014
434637145.2734,2386.71819712927,664.387198673926
434637158.8958,2386.70435609065,664.547207234756
434637172.0373,2386.73508844621,664.390585765774
434637178.4485,2386.83329351828,663.618935150715
434637192.5114,2388.69600930173,662.014748388159
434637201.3107,2389.09856636517,661.688949896844
434637211.8175,2389.22362631421,661.748795626033
434637225.8176,2388.41919130039,661.578703547214
434637248.9536,2388.1832065167,661.691508701024
434637259.53,2387.93719578764,661.981578151499
434637267.6036,2388.17232123287,662.191153017911
434637279.4033,2388.19538925295,662.243773645137
434637292.675,2388.43188406263,662.126305715584
434637301.0724,2388.70052937034,661.864624290729
434637311.74,2388.81407199812,663.254770647091
434637326.002,2389.02921642356,663.071666123965
434637334.3924,2388.95719767231,663.296669632347
434637345.0042,2386.16621972236,667.371092826227
434637358.8334,2377.4152214897,668.684598969606
434637367.5551,2322.26116801464,678.503915092926
434637378.4089,2323.46665759497,676.910459805937
434637391.8735,2301.6106471836,676.155844192041
434637400.9891,2267.11974630266,674.081403401333
434637411.8383,2244.59524221743,672.608116969605
434637426.7616,2229.5868468564,671.396862671469
434637449.9472,2213.1722655206,671.121596041134
434637459.8529,2171.62330512599,667.765914272757
434637467.6288,2171.21866768426,667.625432460266
434637480.1393,2172.01828899588,667.677233915581
434637492.2296,2172.02516699099,667.862862280476
434637500.8646,2170.97520684081,668.703522346928
434637511.5015,2170.55964482101,669.073941164988
434637525.3493,2170.63643790174,669.532572996076
434637534.1243,2170.72088810534,669.726007776503
434637544.922,2170.69209486529,670.099177574931
434637559.4974,2170.49309067103,669.93591298822
434637567.457,2171.29297555268,670.832714132494
434637578.0967,2178.90226322589,670.798195553313
434637592.106,2179.53841305735,671.018956846296
434637600.6644,2180.11726204764,671.069518809885
434637611.9204,2178.45110785348,670.348397171403
434637625.3069,2178.43431414254,670.321874076381
434637635.1994,2177.91087460819,670.995318230219
434637644.8062,2178.03657174378,669.76680416602
434637659.4938,2150.72819049135,554.708945468103
434637667.3138,2137.92944966355,500.495444415219
434637682.107,2129.99275709146,469.37288158144
434637692.7219,2126.10296287979,451.563424102231
434637700.9258,2122.26335488543,435.290937753081
434637711.9753,2119.04745760306,421.563099174894
434637726.5211,2116.96448229748,410.847942380182
434637734.3141,2117.19918141397,410.516965063594
434637744.8292,2119.06991363689,410.608113873105
434637773.5066,2118.58217950349,410.220626726842
434637778.0958,2118.71746595926,410.824107452539
434637791.5006,2118.39506245206,410.327530869924
434637800.4928,2118.63306717696,410.260342815469
434637811.4685,2118.28759664647,409.34753837331
434637824.9497,2118.19891505535,406.946006597974
434637833.866,2118.2389036423,406.411626733657
434637844.6942,2118.30420020095,405.308165842424
434637858.4028,2118.58866178706,404.380570008199
434637882.2742,2118.27701299644,404.423198413539
434637891.8431,2114.58563249523,390.981893975056
434637900.715,2106.87393217216,332.955198986391
434637912.2731,2106.51116571607,321.828874166461
434637924.9556,2106.73205609244,305.033333063608
434637933.7348,2107.11490106349,282.469731381151
434637944.7548,2106.83931489856,261.674758507981
434637974.0966,2106.00697496565,243.902616225984
434637978.2518,2104.01057139466,228.55392905783
434637992.3608,2103.11620845018,179.973493939025
434638000.4979,2103.63891107902,179.826329308608
434638011.1534,2102.39478045785,179.968386660296
434638025.1325,2103.00008657027,179.328207367121
434638035.8679,2103.5839735666,180.616802757143
434638044.5123,2103.70208710431,181.144343350454
434638058.9157,2103.77382551706,181.425677056432
434638081.344,2104.77219193639,181.832574701313
434638092.241,2105.55086562855,182.788916503135
434638100.4912,2106.02539667677,183.342480374917
434638112.022,2107.0544652164,184.612391668049
434638125.3575,2108.17386714898,186.885235630784
434638133.7127,2107.949364791,186.00963147902
434638144.4104,2114.3105550116,189.707725023418
434638174.3384,2134.42030075796,188.863070473209
434638177.9132,2297.56564948049,194.002981796722
434638191.491,2301.70263526249,194.078679378669
434638200.2694,2306.16268291583,193.971913122638
434638211.0197,2309.24796160741,193.867486450063
434638224.4721,2314.36550035753,193.991580311685
434638233.583,2321.88433973887,194.671563588703
434638244.2217,2320.81785174467,195.64976552679
434638258.6119,2330.58648599537,197.457827444349
434638266.9465,2329.87704717224,203.809663464499
434638282.666,2330.88004504806,200.885001044238
434638291.4905,2329.80217055155,203.213237927538
434638313.8907,2321.41674525031,218.741048109583
434638377.1733,2353.36571860044,223.128058823784
434638391.6922,2310.43931494498,246.038391068726
434638406.3442,2345.48316251026,260.640618168586
434638410.9328,2361.11436703769,254.527002249995
434638424.8292,2371.11158326864,244.187981411928
434638433.69,2378.11723163287,239.188653949072
434638444.2737,2394.02173752394,227.782743106768
434638458.5287,2402.4547321737,223.007453195504
434638466.7542,2410.97325622303,218.907612382742
434638482.7469,2417.84454267341,216.124128559762
434638491.5672,2423.6014526657,214.428760266449
434638500.073,2424.68642113545,215.164335528937
434638513.8007,2424.51971156635,215.878313333438
434638524.008,2425.47544321157,216.487576220635
434638533.3627,2425.92948907365,216.642708597243
434638558.7094,2426.91753765005,217.088209573409
434638574.4362,2428.3707097272,217.568009208066
434638577.5769,2439.41655452735,221.214193614877
434638591.302,2447.15199840041,222.256557373104
434638599.9454,2460.22450208128,224.189560328802
434638610.692,2468.54588279418,224.990302660308
434638624.9436,2475.32173594975,225.913427950709
434638633.2025,2487.27354794188,229.493436575716
434638644.1809,2502.12448852267,232.569155811572
434638658.2136,2503.92326602059,233.377499827881
434638680.9762,2504.35052555746,233.071922851147
434638691.0046,2506.57485740473,234.672536105312
434638700.0169,2508.16232609831,236.087496462808
434638710.7535,2506.25123767815,235.880778771159
434638724.8238,2508.30475128459,236.756014078175
434638733.4924,2520.07895883267,239.553802339381
434638744.314,2549.52967452345,243.861576096775
434638772.9463,2630.30054684175,246.002887142328
434638777.5938,2653.78720859752,245.810057414317
434638791.1054,2663.73870304757,245.455708042448
434638804.1399,2674.2180081744,244.950232879404
434638810.7441,2698.64653859658,244.159007653367
434638824.5928,2700.15735646479,244.82747311471
434638833.2672,2700.02636124974,243.372762864258
434638843.8993,2699.22592788168,243.920964026512
434638856.3949,2699.03156869079,244.478846362423
434638867.2183,2699.59932580141,244.856749929023
434638877.2925,2700.04371799715,244.841615434207
434638890.68,2699.96510182392,244.694888121273
434638915.3828,2699.05778433449,244.050504035005
434638925.2743,2699.36665185722,243.57830365585
434638933.1084,2700.82952516816,242.439889000439
434638946.7774,2700.68285419221,242.574405263707
434638956.6909,2701.41374068741,242.048801197778
434638966.2875,2701.95977940524,241.853186906368
434638991.9356,2701.86608683943,242.040960630283
434639007.8744,2701.88907674826,241.836352978855
434639010.6406,2703.66614084987,241.490507369508
434639025.2986,2703.84082411688,241.215478340349
434639032.8527,2703.5827993874,240.965501759184
434639043.8778,2702.98053117099,240.649285614
434639057.4218,2702.2787512131,240.335576134867
434639070.7448,2701.5741557083,239.918408132401
434639077.0316,2700.51137593112,239.277514899103
434639091.4917,2698.17578726071,238.219757274266
434639099.6244,2691.97809950636,236.110236053733
434639115.4468,2687.75728264392,235.169500592723
434639124.3896,2676.00426584557,230.779137736489
434639132.7537,2672.13546354649,229.136302574344
434639145.6234,2668.42034259559,226.876442761097
434639158.2544,2668.04031192701,226.488071163508
434639166.232,2668.01311878933,226.018671415792
434639192.0099,2667.79168112804,224.296999832318
434639199.6207,2667.51725921767,223.701560348395
434639210.3862,2667.16624857283,223.433157760471
434639239.2919,2667.10014695731,223.086787644018
434639243.8343,2661.83617842112,219.572824741458
434639257.5924,2659.452293928,219.821822668725
434639266.1086,2631.64356287333,220.501350561346
434639276.949,2607.15461901414,222.027099267262
434639290.7416,2597.31791583385,221.91089143755
434639301.7371,2590.86765079401,221.734675647569
434639310.5278,2577.4035926111,219.789814259447
434639324.6297,2571.88751075598,219.322062451644
434639348.2044,2560.76502568359,218.523931078863
434639357.7592,2558.73139526865,214.769270996227
434639365.9651,2559.69062183492,213.441595179824
434639380.0775,2559.2198262983,213.632560228758
434639391.0533,2558.53173008952,213.18650565622
434639399.4202,2556.36652307449,209.725055046864
434639410.5648,2556.68600240574,211.004437886105
434639424.378,2556.06695178959,210.248950861973
434639432.7229,2556.26706300431,209.327273146317
434639443.7005,2557.37786871839,209.359702886376
434639472.4987,2557.50198132219,209.466910560978
434639476.9062,2694.66085837219,212.775605560762
434639490.8807,2730.53746581972,212.172229994524
434639499.3673,2749.64936790671,211.424810372581
434639510.3636,2765.12836608534,210.131526504266
434639523.9031,2777.3377387023,208.707909985101
434639534.81,2789.70579688359,207.447583011871
434639543.4609,2792.63329690679,205.411858195771
434639557.5155,2793.65430681397,204.342562103223
434639580.8919,2792.69375966892,202.26493216457
434639592.6558,2790.52928553676,197.633555559339
434639600.1339,2790.2985185726,196.233157834695
434639611.6486,2790.7685390114,195.708158845807
434639624.3964,2791.9113910126,194.796526391175
434639632.7865,2791.22235612223,194.745464738016
434639657.5755,2792.25557138041,191.906147100084
434639673.7578,2792.08336973803,186.269877468167
434639676.8787,2791.85574014051,185.654070420501
434639690.3715,2791.9526877968,185.921886166821
434639699.4427,2791.30102940102,184.75101834103
434639710.1008,2791.04061173197,184.156387395855
434639724.1343,2791.37074581487,184.035752341369
434639732.8743,2792.24059193888,184.957948951867
434639743.2981,2791.89973748433,184.896858366791
434639757.9268,2791.63783503286,186.970564380095
434639765.8698,2789.48026098275,190.778622978695
434639776.5537,2789.68531970274,191.493911804724
434639791.0737,2790.28296210086,189.975419742801
434639799.145,2790.7758918522,190.515078066429
434639812.2219,2798.68310684548,190.570639560251
434639823.834,2915.99627660612,185.620775709643
434639832.528,2926.63276181658,185.172711151924
434639857.4306,2939.42821206712,185.959094605407
434639865.785,2955.28635014625,188.415445836859
434639876.1013,2964.72245499571,185.808617861322
434639905.2172,2965.02348631281,183.572749926524
434639909.5866,2963.41786816866,183.163627029159
434639922.8965,2964.08604482379,185.359436430703
434639936.1187,2964.45936458412,184.586716246364
434639943.1135,2964.02732512516,181.654300224077
434639956.4172,2964.14426629355,178.654842821531
434639967.0366,2963.76458523107,177.238632340035
434639976.4604,2965.33316761201,175.504637184397
434639990.5851,2963.38726037672,175.39788735382
434640013.1278,2963.50883590198,179.278681304035
434640110.4355,2856.18704032536,375.336342097607
434640123.6892,2842.69512406698,311.022694037847
434640136.4945,2856.85987212333,286.976605831402
434640143.37,2863.17324429953,268.012130179403
434640157.1194,2871.2532319029,259.904790273219
434640165.3719,2882.073277924,244.597753268917
434640176.4639,2901.30151119067,214.602608931339
434640190.551,2915.92516834669,190.758653272703
434640214.3344,2923.64735512771,178.149273107749
434640223.6339,2929.20984027177,166.883102717278
434640232.1345,2930.8381784705,163.561868118357
434640245.3634,2929.63783931961,163.522518523841
434640257.8583,2931.92263546121,162.648805090764
434640265.6035,2932.32916626057,161.504495849485
434640291.4787,2932.78606435219,161.389204603774
434640298.8555,2934.84656927953,161.548163128338
434640309.6346,2943.28921103087,162.077785806802
434640323.6356,2998.85087467031,168.390650648905
434640337.5376,3001.7385275765,168.922226624356
434640343.0739,3005.45961322425,169.437897078731
434640357.2217,3011.42688682828,170.597919412252
434640365.3121,3014.41129609388,170.967352862647
434640376.1862,3017.57564287314,172.034695330316
434640390.1259,3021.89138492579,173.213449431539
434640398.6547,3021.39863110675,173.986904270261
434640414.4841,3021.45168943587,174.690872970996
434640423.4103,3021.87563277953,174.514581716994
434640431.8694,3022.10501898448,173.882774126925
434640445.0892,3021.14225035354,172.812036618468
434640457.6312,3020.480292109,173.306458092365
434640465.1625,3019.81925085116,174.886960677487
434640476.1925,3020.50712901077,176.212119234336
434640490.7247,3021.86513276622,176.518709879404
434640498.5748,3023.17124345656,175.909998027883
434640509.61,3023.46762240318,175.724918790091
434640523.6706,3023.34834872391,175.095706658508
434640537.6315,3023.75187576564,175.922423860663
434640542.9144,3022.95375729484,176.973634909007
434640556.5545,3022.31099306903,177.513948418001
434640568.4209,3022.89850142214,176.958542992171
434640576.1535,3018.09458015152,176.623092441277
434640590.18,2998.09441878101,173.417163245907
434640614.2571,2992.43068444456,171.778860144742
434640624.9827,2989.66903679634,170.896334233356
434640632.335,2987.14630582367,170.869439012583
434640645.1178,2984.4393434508,170.387095272029
434640656.9218,2984.01380576205,171.028685875746
434640665.318,2983.48722668459,171.547900466179
434640676.8139,2983.09391478954,172.250790947162
434640689.8601,2983.02018578358,171.519670955724
434640698.5466,2983.34980714063,170.386237162157
434640709.3964,2983.5711132266,169.946616879194
434640725.1653,2983.28676419831,170.452216071972
434640738.63,2981.48521577435,169.823480565571
434640742.3722,2981.2942636852,169.700574026685
434640756.3347,2981.64684164884,168.761254420184
434640769.3393,2982.35904951635,168.218994763229
434640775.8281,2985.12990569073,168.497569098897
434640789.9426,2994.19672888768,169.44220925996
434640800.0679,3000.45262552926,168.730658236092
434640809.3267,3075.44865647772,162.603079694213
434640823.1045,3107.52617845532,160.92349294179
434640831.7607,3116.55134412068,160.650740818253
434640847.5929,3125.06846657694,160.645452466192
434640855.7675,3132.32933353066,160.7531208242
434640865.0052,3160.06055143175,159.737669930303
434640878.8366,3162.65603448392,160.199683900968
434640890.0411,3163.03046428326,159.713995847377
434640898.347,3159.08798180491,159.154423145058
434640909.3232,3159.58857339087,159.840892423523
434640923.6481,3159.3397577703,159.903092686042
434640931.6472,3159.37312770741,160.07598712156
434640942.6322,3159.34347876559,160.05522905914
434640957.0331,3158.98617021138,160.135869640881
434640971.0192,3158.76170362094,160.902718839377
434640975.745,3158.71660719402,161.111472959412
434640989.2779,3158.54105973712,161.809537955402
434641001.6969,3157.23564038583,164.902338315842
434641008.9223,3157.01906543469,165.336650642709
434641022.4273,3156.89551118949,165.640577477129
434641033.6354,3156.53089026327,164.938819464797
434641042.4675,3155.9886903553,165.57748379579
434641055.5274,3154.97504030911,166.405913477732
434641065.0817,3154.68444306585,167.244344567915
434641080.6928,3154.79811301822,168.170703719849
434641089.2285,3154.56909573344,168.656283546313
434641098.2525,3154.16024374884,169.122520384295
434641111.6339,3149.3649483612,172.442603689178
434641122.8085,3150.15739778878,171.410622748062
434641131.4799,3136.60308198771,172.115353659573
434641157.3638,3022.21531920463,179.584175681519
434641173.0804,3019.95624994452,179.657536647625
434641175.582,3016.10773178457,179.387087573681
434641190.2436,3014.70383238637,179.346059332994
434641197.8928,3009.81347882631,179.385685546999
434641208.816,3011.42905973966,177.816124785848
434641223.4438,3012.02461486107,177.142526446062
434641231.4018,3012.57134730589,176.779834396756
434641242.2455,3011.24168510302,177.361660165504
434641256.2331,3011.24726901851,176.945227390875
434641264.5289,3008.69007802703,174.789625750044
434641275.3944,3009.727653129,175.641660945091
434641289.4283,3004.13903089818,175.912361089056
434641313.4395,2833.3910518727,181.242032097499
434641324.6254,2745.9331079442,184.893832718261
434641331.949,2743.6285271009,184.688621882629
434641344.5711,2740.89880212738,184.423105348923
434641355.6754,2736.78151318605,184.490781486131
434641364.6444,2734.40019148975,183.434322380902
434641375.8527,2730.99282662708,180.329749147305
434641389.551,2729.24950373781,180.309892536833
434641398.019,2728.43588622366,180.923865858643
434641408.6731,2728.60084688816,180.332424017208
434641422.7143,2727.96958153598,181.237477954046
434641431.2369,2727.72851846664,181.425967510337
434641441.997,2727.41340483918,181.78570034368
434641455.609,2728.92325113826,182.784654780358
434641464.6222,2730.49042166462,185.296400913459
434641475.3732,2729.85792274491,185.126655877429
434641489.8505,2729.87874288875,184.234465142027
434641497.9735,2730.94846800973,184.645278183235
434641514.2404,2730.70550990287,184.750954630092
434641522.7051,2730.48719805843,185.50362589759
434641545.2644,2729.52717435199,185.646775684424
434641556.4084,2728.27340704012,186.016857256078
434641564.4322,2727.60115179345,186.559339380942
434641575.5967,2727.32971347673,186.600828744028
434641590.5211,2726.78492250989,186.144790677648
434641606.9559,2726.60899965945,185.363058264282
434641621.5388,2726.61656989542,185.088903957241
434641623.6196,2726.53335776539,185.241349291753
434641631.3659,2727.68184766717,185.308822173673
434641641.8993,2751.07491809762,186.024794064304
434641656.2734,3012.21613106348,189.233882558309
434641664.2305,3015.24981036841,189.242897817472
434641675.2598,3016.63250044501,189.378840979136
434641689.7055,3019.18927656979,189.790633340555
434641697.7734,3022.89472886861,190.192076419024
434641714.2848,3022.77716296739,190.490783089147
434641722.4425,3021.7574248203,191.901251525265
434641744.7415,3020.41776472248,193.389494509933
434641757.5137,3019.16226442688,194.821174431957
434641764.6492,3018.58159228838,195.059038644037
434641775.2539,3018.28038397753,195.020969007739
434641790.0317,3018.22190860889,195.091096002926
434641797.4819,3018.53985339159,195.577070206843
434641808.6305,3019.16560033468,197.661452193358
434641822.804,3019.76918575422,199.374757166215
434641831.0628,3020.0682928869,200.656450231009
434641841.8582,3019.27038950204,202.761750187115
434641855.8943,3019.06265183028,203.922373256779
434641864.1767,3019.09120394717,204.360569757986
434641875.2462,3019.03590208471,204.593286097308
434641889.7053,3019.03422884322,205.108086461715
434641898.3831,3019.03277604958,205.314497071299
434641908.3062,3019.47213000864,205.14198339737
434641922.4776,3019.97337047484,204.759735948513
434641944.489,3019.60783853601,204.07689106459
434641955.4302,3020.43444533354,200.99895009336
434641964.2076,3021.33360488708,199.783390683711
434641975.0949,3021.67696895432,199.704578655067
434641989.5549,3022.12132113611,199.198163908921
434641997.2851,3021.75451890104,199.066617024242
434642008.4465,3020.42760381131,198.074243145576
434642037.7789,3019.16721444634,198.00080106754
434642041.8608,3018.83552249047,197.948500893503
434642055.5703,3022.64357033267,197.238296872638
434642069.3619,3031.88937222216,196.616678781827
434642075.0388,3038.63068606158,196.26410131618
434642088.3316,3057.61624654663,195.449943850984
434642101.2683,3087.41525068245,193.542687768402
434642108.1785,3105.70300290096,192.436897076841
434642121.6809,3119.30116391237,191.418628414253
434642132.8863,3131.88393529781,190.366936621533
434642141.6247,3186.86536921914,186.200664766003
434642155.7027,3186.72418483552,185.470660531578
434642178.1462,3186.69433173839,184.537018269912
434642189.1857,3186.10623772241,183.178252526764
434642197.2413,3185.91142114926,183.391790211739
434642209.5698,3185.44181049107,181.529883352521
434642222.6099,3185.02647021008,179.436134928496
434642230.6152,3185.35015774571,179.421170964324
434642256.2434,3185.58974791231,179.075544442221
434642271.5695,3186.22601276392,179.256195884894
434642274.828,3189.77471497109,176.79348022149
434642289.8855,3189.56684403223,175.979241454837
434642297.2533,3190.00601380782,175.426468035891
434642308.1318,3190.44420046244,175.128622863972
434642321.9199,3190.62322848519,175.068324704484
434642333.8939,3192.18698454288,174.803898297704
434642341.2831,3192.78322474568,174.306972034144
434642355.1096,3193.3391562565,174.194943099573
434642363.7464,3195.41031263561,173.060405415279
434642379.6951,3196.74986171577,173.219857096316
434642391.027,3196.42283255307,173.570640613383
434642398.0688,3196.54212909063,174.095294648521
434642411.3845,3196.47308338572,174.231197855803
434642423.4246,3196.46883232598,174.19309058056
434642430.8441,3196.81157802613,174.157075419213
434642441.4711,3200.83295117638,174.309220508908
434642456.3982,3309.33644989534,175.793077693153
434642463.7437,3311.54706418357,175.709634563354
434642488.3504,3313.79043095375,175.395757812964
434642503.6243,3315.63207948865,175.122922686603
434642508.0014,3320.03409309641,174.6890886964
434642522.8174,3320.72786249724,174.510851120864
434642535.286,3323.3157997499,172.358281671492
434642541.5107,3324.0018574587,171.869690560746
434642554.5481,3325.28667017018,172.7325451567
434642566.7602,3326.44461171189,173.409545512612
434642575.0554,3326.1846561661,174.073853676426
434642589.1679,3326.16465518493,174.277804980887
434642597.2249,3326.11646708044,174.574827470975
434642608.0138,3326.32834659186,175.239302951775
434642621.3694,3326.61354101744,175.282673929946
434642630.0993,3327.63175683856,176.131511716801
434642643.3989,3328.03083304978,176.260536348386
434642656.2164,3327.71441667293,176.493252069924
434642663.5178,3327.43261234043,176.849902196001
434642674.5853,3327.58713000053,176.868450696815
434642689.2241,3328.14946142074,176.502501375497
434642696.9072,3328.28635456878,176.421182705233
434642707.815,3328.30137765038,175.983243646277
434642721.8523,3328.39978380386,175.743239666913
434642730.0101,3328.38703448496,175.012867242098
434642741.1723,3328.34882743694,175.281438944367
434642755.4882,3328.25607182114,175.675068077013
434642763.2984,3327.11928626147,176.924175621189
434642774.3407,3327.08390147852,176.673073842206
434642788.9025,3325.56385466734,177.66190659754
434642799.1945,3325.23467795802,177.738964239745
434642807.8623,3324.60613747081,177.072426554283
434642821.6299,3326.62052515389,177.572237607537
434642845.2948,3334.87935156828,178.527963520051
434642854.6475,3369.58488317568,177.505120988581
434642863.5951,3380.21842662957,177.117239416391
434642875.34,3398.86760912764,176.517212515098
434642888.6085,3410.81863439774,176.276210656594
434642896.842,3419.56803050076,176.23270994231
434642921.3499,3472.5061524311,174.837418501208
434642923.0912,3472.1922595339,175.116814861208
434642930.0786,3471.71521817759,174.943972064811
434642941.0517,3471.57096233918,175.94843346167
434642955.8512,3472.34665839814,175.684574894512
434642963.4205,3471.49653018375,175.898779425242
434642974.4607,3470.23437112617,175.32019816594
434642988.4327,3468.93748123308,174.875164795121
434642999.1772,3468.05172279056,174.184198293279
434643007.6259,3468.42769420245,174.267407087803
434643021.8636,3470.6721208735,172.112227662326
434643029.9629,3473.93143556332,166.133242686349
434643045.9365,3473.88151210859,166.356868738548
434643057.1195,3473.11848211197,167.979647737104
434643064.0402,3473.60827598855,168.205054059902
434643076.3898,3474.29945096561,169.03210363359
434643088.6216,3474.71793931201,168.973672220799
434643096.595,3472.50217621896,170.203575231554
434643122.6526,3463.42602548112,174.726451546442
434643138.5336,3398.35132128441,180.460901321586
434643140.7719,3379.67920766351,182.429724855211
434643169.4135,3366.07386436931,184.44689935697
434643174.1995,3348.72098828059,186.985480437242
434643187.5991,3301.41970306814,190.803407413547
434643201.0921,3300.16981721785,189.987415426244
434643207.7477,3298.54506037176,190.964773888263
434643221.7007,3296.95018534312,191.614500845163
434643232.5989,3296.30501260154,189.31458780307
434643240.7004,3297.10560279188,191.053383939164
434643254.4433,3296.13014851631,189.476334612684
434643263.6225,3289.57267957108,188.491120942437
434643274.0818,3213.25291332532,186.672083828783
434643288.6074,3192.8340989853,187.103892651338
434643296.5376,3185.3014629146,187.341699344386
434643309.7167,3180.31411355925,187.278005453353
434643321.0848,3173.93776929753,186.701829258556
434643329.8339,3168.17109455718,186.53015021309
434643340.735,3167.28477821859,186.486470051478
434643354.9619,3167.12474468284,186.612831937994
434643363.2422,3167.23597806626,186.675254365936
434643374.1358,3166.45116875441,184.875757492688
434643403.4659,3166.58288646406,184.82026094752
434643407.5748,3169.08714133735,182.754904857077
434643421.4776,3170.16753202989,181.707733447237
434643429.7193,3170.20771944216,181.471137417755
434643440.6826,3169.74081321413,181.112476589202
434643454.3607,3169.26937772923,180.096014397569
434643462.8417,3169.26778032359,177.00505052298
434643472.914,3168.96377858702,175.565027233214
434643488.1109,3171.9523459953,183.178781234169
434643574.204,3111.84419612414,445.601943843183
434643588.5097,3095.08321255409,428.355291504154
434643596.472,3122.19988242077,362.539564772148
434643607.4,3134.83933074192,322.140315826071
434643622.1742,3134.58506937254,313.219225973199
434643634.717,3108.77321527169,245.573109577698
434643640.573,3082.77928129791,210.083503207977
434643654.9813,3067.37980056516,191.514858810439
434643663.1509,3061.14728638526,174.666829915942
434643673.8103,3055.2333071044,163.022291175412
434643688.3075,3045.97616241073,151.639767004781
434643711.3323,3053.10132623373,152.062269743859
434643721.9546,3003.69259327058,158.332192917498
434643729.6679,3003.33437283871,159.410445072198
434643742.6241,3002.98113058352,159.800368487052
434643754.4414,3004.50608915235,160.035481110811
434643762.8563,3006.58056318878,161.172638845264
434643788.3938,3006.43322234568,161.971461778515
434643803.6664,3006.19347401364,162.201394967479
434643807.0764,3004.48613229061,162.518174854615
434643821.1168,3003.50569736241,162.714043923464
434643829.3491,3002.9771208592,162.805814597099
434643840.4115,3002.65908105329,163.16852752576
434643854.3062,3001.51965501242,163.080208850801
434643865.7901,3000.56778687774,163.272231849744
434643874.0494,2999.55905104622,163.078499069278
434643888.3801,2998.75146224522,163.233157256906
434643896.2298,2998.96612951859,162.812754926066
434643911.179,2999.49194104391,162.944122113442
434643921.3393,2999.06427087075,164.53397674034
434643929.4344,2999.20392015851,165.109412064911
434643942.4843,3000.01760802106,166.249353755882
434643956.1858,3000.59614264985,166.624153676799
434643963.268,3017.62471477469,168.767464760485
434643988.3468,3066.28854360233,171.720688632603
434643996.0884,3067.62991705975,171.610498035555
434644006.9422,3070.88461472561,171.684538102818
434644020.7911,3071.51894182713,171.797322022222
434644029.4666,3072.21676921041,171.917539928871
434644040.1942,3070.90797042292,172.579004706097
434644053.479,3070.17517541058,173.419020283135
434644066.0364,3070.07899562031,174.188295271113
434644073.5113,3069.96308740975,175.876296875868
434644087.1748,3068.78881666661,176.34768989438
434644110.9678,3068.23940129866,176.357914837337
434644111.0061,3068.59487265957,176.407849088838
434644121.837,3076.31437662024,176.274354251548
434644129.289,3151.93563688338,174.317711281112
434644140.0897,3219.36779525851,174.298771632683
434644155.6457,3242.40824718038,174.155024915541
434644162.63,3259.63955022212,173.884145099833
434644173.2152,3277.61685542525,173.833943127059
434644187.5101,3289.43625064763,173.562429270927
434644195.8264,3294.45914086492,173.748649978356
434644206.4659,3299.02375165206,173.520188910288
434644235.4289,3299.37053251379,173.939168643748
434644239.874,3299.34347281899,173.082754904095
434644253.239,3300.35131115323,171.044947362806
434644266.7168,3300.82062843399,170.471578837107
434644273.1292,3302.50675944647,170.138500146408
434644287.1951,3302.61684163051,170.000443799525
434644297.6027,3304.92194902685,168.476188403917
434644306.6325,3305.6719147658,168.311175401331
434644321.8938,3305.95811317651,169.462826065165
434644344.4598,3305.70100517057,171.485504456754
434644355.7906,3303.83689182127,174.179719835101
434644363.1803,3302.42243152797,175.545926954234
434644373.0373,3302.1365030945,176.465902185408
434644387.5331,3302.78217895097,177.03304730448
434644395.8454,3304.44151528772,178.460708390559
434644422.209,3304.49854556629,178.562529565233
434644429.5292,3304.58040468116,178.745530233555
434644439.7607,3307.23393870098,179.378264963501
434644454.3016,3316.31750671822,173.715357688158
434644468.5632,3356.21814814594,170.476109414013
434644473.0152,3447.64886167434,163.18891619653
434644487.1979,3452.08532302739,162.77964654589
434644495.7228,3456.29561862204,162.244915602462
434644506.2931,3458.70618677025,162.075298407584
434644520.4848,3465.81234671737,162.289579736352
434644528.8638,3471.93381809127,162.684497802302
434644539.9255,3486.99739862678,163.147554722357
434644553.9559,3483.30479498734,171.810209980668
434644577.3962,3488.52338389396,168.432714452265
434644587.0531,3486.70504234524,174.695335682371
434644595.5418,3486.53578414305,174.986428314544
434644607.8438,3486.21788312196,175.333927798306
434644620.7967,3484.81190968375,175.070552411522
434644628.9705,3483.82481036583,175.940515852097
434644639.4707,3483.51636851567,176.227114985508
434644654.5461,3480.76782622606,179.320194056706
434644662.124,3480.04958252555,179.967381249936
434644672.8265,3479.14304202153,181.106206386223
434644687.4046,3479.12029197601,180.802745141164
434644699.5372,3479.95997019104,181.199528869816
434644706.1317,3483.92910949947,181.465772541208
434644720.5326,3483.95356306534,182.078907042484
434644728.6423,3478.04693990018,182.372029740818
434644739.8579,3400.37301697362,181.337067318043
434644754.7009,3262.51463589064,179.189921686256
434644777.6151,3130.24707504983,179.568586332949
434644786.9263,2712.36772565195,183.306118538923
434644795.7447,2756.99809384596,182.012342354187
434644808.3898,2726.85303755927,183.647242324775
434644821.0824,2681.31530560727,186.009674763538
434644828.8814,2576.01558355431,189.322823437169
434644853.8213,2482.20394014856,193.308452838114
434644862.1451,2276.53117717017,209.448663026127
434644872.884,2134.12595035666,222.925832756063
434644887.0366,2053.4479648435,231.632816672217
434644895.6922,2054.14150971506,232.194226847665
434644906.3429,2055.04311766352,233.063904969058
434644920.5465,2055.48627392337,232.518558134354
434644931.943,2056.7443891408,233.446115047075
434644939.4766,2059.32983134826,234.170795837792
434644953.8639,2059.65994545439,234.431091708092
434644962.1478,2059.60809909779,234.476888067818
434644978.1123,2058.43267214508,234.553819287082
434644988.0308,2058.1946747029,234.064149958223
434644995.3753,2057.48483034065,233.725509323741
434645009.1836,2058.84407992468,234.122312175525
434645021.5656,2058.35572649395,233.869771401416
434645029.1413,2058.15171394814,232.996581076321
434645039.3866,2058.26256260222,233.120302974556
434645053.8911,2129.59613728346,238.924363666647
434645062.1248,2135.9929117726,239.457580889724
434645072.7073,2143.56564475137,239.546886459819
434645087.865,2150.4504573039,239.73601679436
434645095.3145,2156.72357698117,239.352084874129
434645105.8439,2160.05291836429,238.705858646342
434645119.9535,2162.82888177269,238.379975782567
434645128.7799,2162.03922060422,238.846113499231
434645139.2254,2160.83677010543,236.797242785774
434645153.1755,2158.53331913748,235.063335782482
434645162.0545,2157.39279074886,233.766435802262
434645177.8457,2156.75783292175,232.756045490764
434645186.7641,2156.59210029138,232.347832878213
434645195.4409,2156.20694269635,231.646935898251
434645207.9533,2155.07010096809,230.825461080002
434645220.3308,2154.50313119075,230.672445196134
434645228.6705,2156.09562873188,229.643220870728
434645253.6569,2157.27036306891,229.579318944928
434645255.957,2169.61050635531,229.410825362464
434645262.6909,2279.36170255555,224.830437727534
434645272.4471,2284.784451973,224.804638804614
434645299.5666,2291.17498280618,225.213200501724
434645305.8074,2302.00060971278,226.26629081912
434645319.4569,2307.2625238207,226.524299407626
434645330.9325,2325.56889306929,226.589126793584
434645339.0389,2326.17818984597,227.05377002508
434645352.6638,2325.85935680347,226.733738149245
434645361.7372,2326.75885946975,228.110346503624
434645377.7598,2327.19464606554,228.050184837325
434645388.2272,2328.99140937526,226.960122031652
434645395.4103,2329.94923594438,226.942345688197
434645407.8058,2331.45986925362,226.882717340653
434645419.6827,2332.56146579666,228.759334888219
434645428.5427,2332.46718769194,230.703081181692
434645438.9866,2332.59983997246,231.063103328619
434645453.648,2332.59055084597,230.6962202674
434645461.7956,2332.52799245891,232.759535477112
434645472.322,2332.3886948985,232.459384320484
434645486.4518,2333.05349277167,232.832067741622
434645500.7965,2356.36938063817,235.454931584953
434645505.667,2424.25860498612,240.639391905402
434645519.6355,2426.65809702542,240.799810772182
434645528.5465,2428.82846358897,240.692725086284
434645539.0053,2430.40626365911,240.344765388726
434645554.2694,2433.57097053236,240.322786884786
434645561.9626,2436.11369718223,239.482581540927
434645577.6189,2437.0936123235,237.398756217405
434645585.4876,2437.62598607417,235.268316084873
434645595.3168,2436.38888091554,235.189503959878
434645609.1218,2435.89848208768,234.011997032612
434645619.8773,2435.71043573497,233.950075099717
434645628.309,2435.81402356441,233.628375256295
434645639.8116,2435.87130783941,233.454450248623
434645653.8902,2430.36863603464,234.99497613382
434645661.5987,2395.11344423072,245.74402580573
434645686.8444,2402.00640066059,244.312099974135
434645702.546,2317.62077478893,288.989251009915
434645705.5152,2224.06012544073,341.063598627352
434645719.783,2196.02355082434,357.223050773084
434645728.4906,2165.94077160919,374.951311024552
434645738.8449,2158.20202508741,381.67839552762
434645752.9317,2122.17402435475,402.989125823647
434645765.279,2121.61367278272,404.326610020002
434645772.3474,2121.03394587873,405.046087736819
434645787.6125,2122.29466386917,405.236414675821
434645796.4255,2121.71395006441,403.889043666799
434645805.5039,2120.52206276036,402.905957467233
434645818.7682,2120.53005514976,402.874858044269
434645843.4204,2120.27741951106,402.791612594392
434645853.5837,2120.10848210663,402.792130615237
434645971.3589,2045.97092549217,869.90513830102
434645986.5205,2099.93765936314,561.758977575226
434645996.5735,2079.96940721168,563.018502200913
434646005.513,2061.11894143511,536.596256344047
434646019.4561,2025.84973230691,537.829197082656
434646028.3064,2079.46979325875,518.223270197457
434646038.8145,2101.68508237634,508.179678119565
434646053.203,2113.85333492839,500.4614956158
434646061.5301,2124.39472995301,491.603758772034
434646075.2508,2133.60978061684,481.537235985293
434646085.5009,2139.50630323465,469.609955675456
434646094.6583,2164.67535168957,449.257459630335
434646105.6186,2198.34485780627,427.846761851629
434646120.4497,2204.40769942038,424.486332682591
434646136.3018,2229.7694377836,405.153940530685
434646138.6377,2230.85452553273,404.825569559346
434646152.9309,2272.96125084263,407.109191713049
434646166.8134,2276.02590168609,406.171906195508
434646172.0662,2282.04942697806,406.051575115096
434646185.9216,2290.04410961907,406.29500151939
434646198.2139,2300.97214059286,407.728638098754
434646205.052,2308.09687141659,408.279008013157
434646219.0726,2311.0323666202,408.441942128071
434646228.6111,2313.15108038852,408.394969918786
434646238.4564,2313.30076599626,408.411850715281
434646252.7457,2312.41812914691,406.518078100559
434646261.5229,2314.82668014918,403.067807775965
434646275.1845,2315.40469456994,401.576652438861
434646286.7993,2314.84992197815,400.776587787725
434646294.7188,2314.85011633989,400.088652045701
434646320.1202,2315.07881358248,400.112536021451
434646322.1256,2315.12337581466,399.555937085668
434646328.7581,2314.64009864817,399.751360278624
434646338.4356,2313.59907575901,400.250872400401
434646366.8695,2313.21418049803,399.900910629161
434646371.7372,2308.28061469156,398.219510222266
434646385.3091,2307.62150242458,398.046132786329
434646398.7992,2307.02493165998,399.356290892513
434646405.2428,2308.10653015538,398.893587491505
434646418.9121,2317.24059962983,400.312037648436
434646429.9742,2413.01998889501,397.868230339089
434646438.731,2416.4122186231,397.944325251191
434646452.587,2419.06273698498,397.980855845267
434646476.4327,2422.67206104162,398.102791175264
434646488.1763,2429.28310219763,398.07102306883
434646495.4988,2439.32951312989,398.193472575638
434646507.435,2445.57842926556,399.583229659205
434646519.7459,2443.52831829973,399.226575690378
434646527.7241,2445.07206472289,400.728111685875
434646553.024,2446.723033159,400.445135046875
434646568.9882,2446.99550217602,400.397320564559
434646569.0083,2447.06490840912,400.903980702967
434646571.6089,2445.98158822212,403.328920339336
434646585.3539,2446.55366910231,402.36382364137
434646599.9146,2447.03359090256,403.710205533719
434646605.0278,2448.81065186856,402.535284173322
434646618.5671,2449.40749890065,402.381061401849
434646630.7245,2448.02277516823,403.724956187867
434646638.2868,2447.11416071902,405.681458781684
434646652.5576,2447.10800307065,405.689907957569
434646661.9872,2447.45341665892,406.045591591984
434646671.7494,2449.01021049062,406.87723867768
434646685.8562,2448.83256900489,407.848295289817
434646694.1117,2448.92001810176,408.018804838576
434646708.4935,2449.09313738504,408.52697192605
434646720.137,2449.35195011599,410.591783371199
434646727.7576,2449.13791417647,412.940906482974
434646739.3264,2447.83870356315,412.797158456843
434646751.9997,2448.87537146143,413.105868131066
434646760.8533,2449.79402817509,414.341830295637
434646785.4169,2454.72147663691,410.889485246318
434646794.338,2503.96510575133,412.058540972145
434646804.9525,2513.36151092841,412.106860331153
434646819.4917,2530.84494956577,412.320962931805
434646827.4225,2538.36401952225,412.260200272039
434646837.9362,2545.04750672059,412.348534279218
434646852.7942,2562.64863803565,412.722856019888
434646860.9071,2566.70373638901,412.461231060947
434646871.7849,2566.94518502039,412.685807097193
434646886.1403,2565.69492111677,413.173434672521
434646894.3116,2565.07727993095,413.562574127557
434646905.0655,2564.95484975023,413.856261696313
434646919.8044,2564.72452025242,413.987795086122
434646927.6867,2563.84169585702,414.955481496026
434646941.1371,2563.9524714628,415.390255226785
434646952.6668,2564.2066801654,416.313242962911
434646961.0679,2564.08804902532,416.82228266653
434646972.0185,2564.69996081739,418.472597285559
434646985.5832,2564.8848405781,418.961107242133
434646993.948,2566.09452599979,421.110628049444
434647018.5737,2569.36889358637,420.463091663167
434647027.4222,2568.32683799792,420.815155167566
434647038.4987,2567.93248335545,421.06447489627
434647052.2015,2567.22843614462,422.383213677769
434647064.2055,2564.29814672631,421.956060924772
434647071.3887,2570.48382344216,422.569052825706
434647086.015,2584.75256280014,422.210016071353
434647096.2569,2625.73962963494,416.24778967423
434647104.5533,2639.18619698452,414.47593005474
434647118.7351,2650.72124648559,413.486892725944
434647127.513,2660.19755068597,412.84379207996
434647137.963,2673.62513610071,413.105330397805
434647151.7275,2684.17302739949,413.345562086034
434647160.7362,2729.16739364989,410.914015024803
434647173.3608,2729.50848491085,412.986219573448
434647184.9342,2729.84227897514,412.939936059129
434647193.9988,2729.01710642812,414.098764188284
434647219.4556,2728.00165034996,414.772664633462
434647227.4244,2730.25510288173,413.275640021008
434647237.9745,2732.09922897449,407.224798982295
434647252.8677,2722.24468099993,408.255186035439
434647260.6122,2632.5982090299,404.279274272986
434647271.1323,2630.50448972814,404.391272360861
434647286.046,2628.69849700333,404.44326518609
434647296.3691,2628.47899852502,404.480217738496
434647304.4802,2617.7325989645,404.15467263841
434647318.478,2614.82852266354,403.634125035387
434647342.6309,2607.66739009875,402.701612600745
434647351.4907,2604.94426299172,401.783262791728
434647360.4393,2606.46327384579,401.762283205205
434647373.5938,2606.25908333447,401.362661463931
434647385.1689,2606.01607336382,401.035970782596
434647393.973,2606.04068329919,400.161283811256
434647404.4903,2601.26835866091,399.998059744698
434647417.8211,2578.87657413072,402.073234346951
434647427.1011,2574.51831176578,402.438531592351
434647451.6727,2572.78465629912,402.46699279281
434647460.2237,2563.89706299297,403.097027366695
434647470.9611,2563.42935851437,403.558592723656
434647485.3555,2552.16725382217,404.877974493592
434647499.6756,2553.00162946372,405.70045841484
434647504.2686,2552.50413210331,405.790688921462
434647518.2965,2552.12731428645,406.104699535806
434647526.918,2552.04133839606,405.76033795119
434647537.6079,2552.10154737773,405.706504829112
434647553.2823,2552.78474112587,405.756038663885
434647560.6208,2553.52577976916,404.167523221261
434647576.2192,2554.47263518761,401.55730303028
434647584.9864,2555.69451082713,398.619659551855
434647607.418,2556.23596855794,396.048289483538
434647618.8325,2555.04372263024,395.491527603547
434647627.0068,2554.25450960326,394.432849376807
434647638.4705,2553.82504804247,393.660576070743
434647651.5144,2554.26174786341,392.87526808527
434647660.2277,2554.84876531238,393.110112962036
434647670.9394,2554.31239385937,393.262169559306
434647699.8416,2568.57416969786,393.540039810729
434647704.3668,2721.15737187533,393.779249446546
434647717.5925,2727.71250057013,394.151881750737
434647730.7746,2733.08793149864,394.600410591121
434647737.5093,2739.07308158949,395.004539263311
434647751.5835,2745.79327219974,395.400484552704
434647761.1547,2747.76807848235,396.883378860717
434647771.1068,2749.05981452897,397.799003754942
434647785.7826,2748.941489537,397.41073967245
434647793.6105,2749.30104495205,397.12566036198
434647807.274,2748.89533473457,397.268657215822
434647818.655,2748.49517735166,397.322700962609
434647826.8957,2748.42500242183,397.229584888805
434647837.7902,2751.03626641347,395.195330540422
434647851.0803,2751.3643307884,394.928132776424
434647859.9366,2751.43745665294,394.30201090958
434647870.5758,2750.1636772206,394.711881422926
434647885.7463,2750.40754597439,394.564365083231
434647893.3016,2751.15692774226,393.922774073498
434647903.9675,2751.32781874275,394.501067701159
434647918.2458,2751.57404228368,394.451448702376
434647930.6623,2751.67113323968,394.526400435192
434647937.4073,2750.59599006312,394.947617505457
434647951.9529,2750.57509037653,395.355351948691
434647960.1151,2750.15321621485,395.718176670282
434647976.1444,2750.32918508588,396.478089736985
434647984.7697,2751.15090154532,396.696354250907
434647993.3841,2751.95835447967,397.046230306605
434648007.2809,2752.69270121128,396.852035360783
434648018.7304,2753.4261983634,398.25300964532
434648026.6499,2753.91658153285,397.869990333441
434648038.0352,2760.70683787777,397.986981554742
434648051.2081,2857.48838215689,398.433441875565
434648059.9359,2862.87038789136,397.974794250013
434648070.5809,2865.27659273351,397.464264727729
434648084.7429,2868.4560654983,397.15878783086
434648093.3642,2871.25854345847,397.067976483756
434648103.8846,2874.6657773589,396.986406784218
434648118.0302,2875.51788787902,397.396372475984
434648131.0133,2876.61913198617,396.241712532233
434648137.2029,2877.19028829123,395.699312479498
434648150.9439,2877.56782305765,395.021528344957
434648161.8615,2877.630612314,395.082648994251
434648170.6652,2878.36069933954,395.124868245809
434648185.3472,2878.43593380749,395.192603527155
434648208.0735,2878.86595655016,395.16034277494
434648218.6756,2879.34566483861,394.378975162856
434648226.5675,2879.43486344742,394.176259241603
434648239.289,2879.7724266712,395.192261139181
434648252.1211,2879.6248997892,396.101381123521
434648259.6475,2879.08847538975,396.096328354424
434648270.3937,2877.55062648678,397.29209524199
434648285.622,2877.03207502638,399.160975209114
434648292.9819,2877.08650859592,399.26236434394
434648303.7184,2876.54753166114,400.429214786335
434648318.7973,2876.03232892994,401.802102563919
434648326.1693,2875.68512192936,402.369388780454
434648336.9127,2874.99556009527,403.18808584932
434648350.8417,2875.35991617945,402.897261037308
434648359.5678,2875.3172732858,403.50049769868
434648370.2904,2875.42999249861,403.989890990809
434648384.592,2875.32134389725,404.084215793038
434648407.7482,2875.63791655892,403.227812317239
434648417.8949,2875.37450875634,402.191983866209
434648426.361,2875.16117665146,402.045510655235
434648438.5937,2872.54253986633,402.060161306637
434648451.3125,2871.79274667778,401.992572238585
434648459.7129,2871.27660599255,401.283471095245
434648470.3609,2871.0258053367,400.732532932078
434648484.8206,2871.14184168252,400.714564104804
434648492.9971,2876.36315017143,400.863563452772
434648503.5643,2915.22234345377,401.727569058296
434648517.9718,2991.30304046068,403.227992631759
434648526.3097,3009.97108154596,402.534877130587
434648536.9018,3022.15711075155,402.202106683797
434648551.0838,3029.37257456074,402.084298371807
434648559.4184,3037.44056648806,403.408937364574
434648570.1078,3040.01389935374,403.695626534788
434648584.7492,3043.36264926441,403.756109584767
434648592.7911,3046.7347752962,405.275010480764
434648603.5514,3046.27458821077,404.960721752043
434648617.9782,3042.97885589711,409.627602596987
434648625.4435,2996.39410474783,477.008603804098
434648720.6641,2808.17469566508,590.319881818916
434648727.5553,2830.98993059769,584.129386666963
434648736.8973,2967.84031719214,571.121596978909
434648752.0645,3001.80094711784,558.336072773626
434648759.2691,3019.9647920671,535.322396866371
434648770.1045,3057.30989435336,468.545647523037
434648785.0877,3069.18184255491,474.721879069307
434648792.7833,3072.06905107136,469.647106436029
434648803.4234,3075.31858087579,459.976598960879
434648817.8352,3079.9779412693,443.810072614405
434648826.0885,3089.94669918199,416.882776912634
434648841.383,3099.50063758379,391.996817112377
434648852.1266,3101.66615133535,389.155743953993
434648859.6467,3102.86031319975,387.719504772881
434648872.056,3101.25297880694,390.557790999373
434648884.3153,3100.88183287456,386.507541366205
434648892.5719,3101.21859586476,386.011865822275
434648903.6479,3101.89667738013,387.535626828821
434648917.3631,3103.06490995792,386.564018254857
434648925.7278,3103.61024123478,385.212494835013
434648936.1387,3103.67152505681,384.326724154332
434648952.1308,3103.82857038156,383.943884296556
434648959.0975,3103.87331920804,383.610697003053
434648969.4367,3103.68319121951,382.675492039278
434648984.1498,3103.73197066559,382.74406739996
434648992.3212,3103.97081813287,382.934013253591
434649002.9892,3106.27284195372,385.545929376363
434649017.3641,3103.13770131244,386.539612225407
434649025.8519,3092.22719790641,390.744795074203
434649041.9489,3063.97584834487,394.82996767042
434649050.0919,3061.91371743147,395.24515779697
434649059.1008,3061.26895911285,396.046244627294
434649073.2445,3060.42682661256,396.409498839294
434649084.5528,3059.59313320777,397.651742778809
434649092.42,3058.13116294996,398.163969501544
434649104.2168,3056.73681646585,398.097156977995
434649116.5303,3057.41642062878,399.362183930111
434649125.6008,3056.43432836022,399.795392273719
434649150.9835,3055.03431542506,399.651841093309
434649152.9911,3056.35001746633,400.483756633255
434649160.1174,3056.40755997083,400.519974082395
434649169.7105,3056.30583745621,399.701239703507
434649183.738,3056.39397752465,399.447382900922
434649192.1887,3056.46499026002,399.153551960957
434649203.2655,3056.56710381446,398.888472132646
434649216.952,3056.74141550893,398.607776557236
434649228.7589,3056.87609203591,398.33071638553
434649236.3898,3056.76828819464,398.529581708277
434649250.3911,3057.22046150399,397.028084811782
434649259.0607,3057.54875059656,397.470954398847
434649269.7602,3072.95695583745,402.445200973508
434649285.5296,3086.35016641096,405.655366904351
434649292.6534,3227.64845414733,397.489631147348
434649305.3389,3239.1248241714,397.200037302719
434649317.6878,3252.74014905569,396.768783673129
434649325.4811,3260.07704934755,396.55482896675
434649336.7396,3268.74864078012,396.090749749591
434649350.197,3278.60120084345,395.924035256402
434649358.7701,3321.44161019211,393.435019935403
434649383.0096,3320.94442926892,395.656914115686
434649385.6414,3319.92206464273,397.583545052243
434649392.8297,3321.19087144864,397.070956974101
434649402.9766,3322.05787573929,397.807699856525
434649416.7734,3321.96363129347,398.900382089387
434649429.2718,3321.84259171057,398.990160606573
434649436.3105,3321.653551223,399.204796679006
434649450.765,3321.79296146537,400.349636313297
434649458.7121,3322.02146855262,400.908161711836
434649469.4162,3320.87947093969,401.055790194491
434649483.4954,3320.89851589647,400.965958574341
434649491.99,3321.23719433305,400.79097700451
434649506.287,3321.31877955989,401.037855087202
434649517.2496,3320.94971664575,401.256384327355
434649525.2739,3321.25434474067,401.428753596284
434649537.3293,3321.02858441077,402.230888375332
434649549.4276,3320.75125747666,402.157551042441
434649558.5213,3319.55753873956,402.692444152121
434649583.4879,3319.09676190582,403.010032029791
434649591.9424,3318.89981946462,403.404838751333
434649602.5842,3318.80689182357,403.275719830221
434649630.685,3319.12834575758,403.086143318987
434649636.0984,3319.88429362608,402.011748462437
434649649.9062,3319.92225688051,401.234997662458
434649661.0532,3320.92856883041,400.907775255747
434649669.297,3321.23178984673,400.67143519587
434649682.4125,3320.52988138749,399.568108993573
434649707.065,3320.58578669788,399.078064074812
434649718.1722,3320.89894768601,399.161674123692
434649725.4861,3320.72740919314,399.071832362076
434649737.7141,3320.8662492543,399.494430205287
434649749.7513,3320.85752919143,400.387063879344
434649758.6679,3319.56330922092,401.933197857229
434649783.7853,3319.44204569766,401.852971810611
434649785.9814,3319.43288859078,403.038487342778
434649792.4283,3319.70845637952,402.838125578579
434649802.5338,3328.36076454861,402.97987452429
434649816.64,3493.02837383037,402.417554003232
434649825.3935,3494.68901009903,401.980843508165
434649835.8812,3497.38310945324,401.2842492964
434649850.0249,3501.01573103799,400.107370929896
434649858.4967,3504.86893488946,399.378471156574
434649869.1835,3508.18988491083,398.779699236318
434649883.7848,3509.78707055769,397.985045751181
434649893.8092,3512.85662897428,395.203401202363
434649902.4908,3513.75080617051,394.037949646731
434649916.9819,3514.84856661487,393.560394640995
434649940.7037,3517.47296640742,394.236916159047
434649951.9095,3517.20486320805,394.511338006754
434649959.0969,3515.27482113265,395.297871553823
434649971.4688,3515.04243407099,395.756763291804
434649984.0234,3514.93456929146,395.57415106546
434649991.7749,3514.43901302686,395.738148747716
434650002.9973,3512.69395968551,395.436075829331
434650016.9662,3496.02383212118,393.720586087949
434650025.1005,3427.58169918009,385.161422761386
434650035.8166,3416.61764887976,385.763705016726
434650065.5988,2896.23621847455,387.731333139836
434650068.9493,2649.17348230311,404.589459604054
434650083.6977,2553.24809878632,411.657092327386
434650091.6726,2403.23771482879,421.209680931061
434650102.4383,2384.00244209341,422.222669790107
434650116.2845,2367.32971363776,422.763003021998
434650125.1365,2386.96400006427,420.854625644267
434650135.3827,2381.26396019334,421.373822152651
434650151.006,2232.65376550856,431.558444475929
434650158.4996,2166.20019074442,432.656079054183
434650174.2331,2147.68464038982,434.237280062126
434650184.3259,2146.27684579967,434.600541957143
434650191.612,2142.981181604,431.982077696993
434650206.0213,2144.09214870864,436.033836856643
434650216.3787,2144.03009134663,436.307795337979
434650225.1563,2141.93662189494,437.329013470406
434650236.6624,2141.87118717221,437.633672777474
434650250.0725,2141.73076243797,437.856110333362
434650258.4642,2140.07522895971,441.634564097681
434650268.9581,2139.39444223489,441.2847408065
434650283.1769,2127.86308702801,442.39165392528
434650291.5665,2121.94687044128,443.075194953701
434650302.331,2115.64625951634,444.026649761792
434650315.925,2107.49296766252,445.734639397605
434650329.1422,2100.90369630785,444.732575244134
434650335.8086,2093.50320092682,440.953936501931
434650349.8327,2091.15769441323,440.607405380992
434650360.8032,2091.29735683758,441.913629749584
434650369.2372,2089.08732609642,446.058448423349
434650383.869,2089.1714564802,445.390708870505
434650391.4573,2089.46051112178,446.47560522991
434650406.8093,2089.1640458474,446.666191944925
434650417.233,2088.62305136906,447.052189736363
434650424.9317,2087.72323990046,447.559770549244
434650437.3282,2086.20392167756,449.882551653718
434650449.9691,2086.30671691239,450.616418925058
434650458.0984,2086.73450153763,451.41470222081
434650468.8319,2087.16070601726,451.706232283749
434650484.4158,2086.10587530772,452.543417410787
434650491.4341,2086.13144105055,452.831861479235
434650501.9554,2086.4668088663,452.94475427451
434650516.6716,2087.95174470085,451.435524493715
434650530.2643,2090.34036050285,451.305834681521
434650535.5061,2089.28072470027,451.092308201324
434650550.7233,2090.74879472161,450.757907522028
434650562.3678,2104.46967045377,451.95017666532
434650568.9187,2115.19070657848,453.239848497986
434650582.707,2143.60018957939,455.081241598593
434650591.4205,2158.92335409155,456.117277359806
434650602.135,2172.54009546951,457.210193637696
434650616.059,2189.08763371025,458.955999593793
434650624.9006,2204.34230741533,460.235806583419
434650640.9114,2218.10036387213,461.244653869683
434650648.5771,2275.40524316652,465.453267613348
434650672.8281,2275.64529654582,466.199813397368
434650682.7945,2275.62502845005,466.875371693508
434650691.5683,2276.0742131659,466.958729453269
434650704.0741,2276.74430938334,467.283994074228
434650716.6166,2278.26882692204,466.740283555641
434650816.4091,2289.09810283741,587.263454075149
434650823.421,2308.74679976577,588.182088714709
434650834.8355,2313.46724087367,590.344172779568
434650849.5653,2315.32036881977,584.277575514015
434650857.7428,2340.64768831949,541.986292450459
434650874.1966,2358.35783522502,511.441914255029
434650882.7399,2366.68574797306,501.178570217814
434650891.1737,2372.41213442538,494.062852660394
434650904.8794,2375.43804537697,490.343534485631
434650915.9572,2376.34134222222,489.283547620745
434650924.8597,2390.16237025934,468.265102079536
434650935.3168,2399.71627557323,467.114627895477
434650948.3329,2400.27891391306,464.035913726751
434650957.9778,2399.50941045998,459.116369486052
434650968.7191,2398.6136201456,457.287948095253
434650997.7062,2398.33655066198,457.729065689193
434651001.8269,2398.52583155485,451.601680455803
434651015.7264,2398.52063363789,447.678446667935
434651024.5567,2399.95048214542,451.148425692307
434651035.2682,2410.53601753054,449.590180261213
434651049.0479,2424.33954430611,448.958274114703
434651057.8101,2432.77148112979,448.733443697176
434651068.5495,2464.07652640794,447.388726034629
434651083.5262,2475.53619766203,446.887984463755
434651106.4336,2480.50272734542,446.61192538661
434651117.1018,2499.09230419649,447.695241636656
434651124.5569,2499.67139192575,447.869169707228
434651137.7105,2498.15751319418,448.800853645681
434651149.9016,2498.55223307377,449.357582731089
434651157.9205,2500.28879996157,450.473162203634
434651168.5797,2500.80395172558,450.788436158751
434651182.7301,2500.50844455351,450.441702134313
434651199.1917,2500.11572372513,451.382897854342
434651201.6142,2500.32715250133,451.080232456026
434651230.9745,2488.31255499526,454.178922198613
434651234.7757,2406.89723374021,472.499222153155
434651249.1853,2391.47285547532,469.272508182769
434651261.5065,2378.23993194318,466.878938729552
434651268.2283,2363.44354926499,464.626421488748
434651283.1942,2351.57690603553,462.825447363175
434651291.9504,2331.60759055699,458.45555530083
434651301.5353,2286.37907380622,448.715444058269
434651316.6683,2263.23905763654,443.561187937551
434651338.8162,2263.24122709229,443.559364561204
434651350.6187,2263.71683668651,445.040630469251
434651357.9872,2263.76248770764,445.250166683765
434651369.035,2265.52566398186,448.306200792591
434651380.126,2266.01601297142,448.887394028145
434651394.4108,2267.53973181483,451.321185921555
434651416.503,2268.27029618714,452.03786651192
434651428.5695,2268.70253802188,452.337660216111
434651435.3067,2269.3037662528,453.273934114489
434651447.5709,2269.77142117407,454.004301859929
434651460.4625,2301.1907420889,454.627393041157
434651467.956,2589.72343162948,463.254239587689
434651479.6867,2601.25887698678,463.662920551945
434651508.2713,2611.93429652487,463.650404202505
434651513.2024,2630.71767053208,462.941748750445
434651526.3714,2630.76887542763,462.955577816369
434651534.8783,2630.31638490791,463.134911133754
434651546.5184,2631.1895423906,460.910866384087
434651560.4768,2631.33273239769,460.812580347686
434651568.0587,2629.79564367816,460.177679476084
434651579.9775,2629.90781862179,460.279312177447
434651594.0318,2629.9920768178,460.309527658132
434651601.4459,2630.83227987505,459.983987687389
434651616.8037,2634.01809596988,458.287058155937
434651625.5254,2635.09652831547,459.050284402404
434651634.6312,2635.78437013302,458.917875258267
434651647.6882,2636.28400135211,458.789054737706
434651659.9228,2636.92557238039,458.648094274741
434651668.1176,2637.41795786,458.061522944631
434651693.1612,2638.41074414129,452.331314257701
434651701.38,2638.12476260661,453.682755907264
434651713.0127,2640.59130324842,450.471841195034
434651741.4303,2639.98978827917,451.45389195182
434651746.5489,2640.37912185198,449.536579128824
434651760.0006,2640.91190021878,449.515236464843
434651772.2675,2646.63511061792,449.534995005649
434651779.6701,2677.63582544134,451.209172144394
434651792.8546,2681.23612839047,451.281504600069
434651803.2599,2683.69524528873,450.349056240347
434651813.1042,2686.19876996541,450.443515141923
434651826.4258,2687.78632448299,450.553182848498
434651848.5157,2689.44150820692,450.897911517223
434651859.6984,2691.12482469742,450.857942527505
434651867.867,2693.56644707976,451.747397729876
434651879.974,2694.07893957244,451.523101260655
434651893.4186,2694.69899185996,451.388122312329
434651901.1499,2694.80953415765,451.844027373777
434651912.9289,2694.74437217864,453.301616700111
434651927.1253,2695.55113157739,453.700765290447
434651941.6607,2695.94130109005,453.697407811708
434651946.2876,2696.30889371558,453.622014601572
434651961.0297,2697.28030777294,451.539830748597
434651972.1666,2697.13970533132,449.27424274522
434651979.5891,2697.37390308055,450.387334193091
434651992.9902,2703.23858494032,450.773336178492
434652002.6597,2751.63789831352,451.505328619078
434652012.7511,2830.58208603499,451.916017308212
434652026.0537,2852.0092196354,451.903168967075
434652049.4558,2867.64689545451,451.96596198696
434652060.6708,2904.62634864259,450.6406708385
434652067.532,2908.56679603589,449.501724101972
434652080.7456,2910.90267871063,449.482349839562
434652094.0471,2911.36374305545,450.092429859043
434652101.2385,2911.8226708709,449.55513801885
434652126.6266,2911.63719669135,448.584046879075
434652134.5562,2911.41646853126,450.936240664648
434652146.1166,2911.02506628161,451.678927694232
434652159.3995,2910.67200273045,452.263520469123
434652167.7463,2910.66156838977,452.829590956589
434652179.5689,2910.83930960454,454.196594465013
434652193.1774,2911.24466141779,454.475505987832
434652201.0504,2911.2614699269,453.993406231088
434652212.6371,2911.4188625987,454.17841017332
434652226.1345,2912.29942208897,454.383277812447
434652234.2688,2911.80449954268,454.277887475689
434652246.2018,2919.45246280391,453.863236154683
434652260.5669,3032.59057236973,449.067679971915
434652282.0985,3041.99356312279,447.907314427046
434652292.3929,3047.46485465283,446.840906731339
434652300.7028,3050.37813773221,446.638243829668
434652312.6012,3052.2634674701,446.536538664125
434652326.9761,3053.15603783757,445.813343490599
434652334.2776,3055.2693094026,444.989957624374
434652346.0865,3052.83638290219,445.901838889783
434652359.3983,3053.03336360495,447.028453643757
434652367.5855,3052.73822827207,447.507243130489
434652379.3444,3052.7796364182,448.296363035126
434652392.2613,3053.48095491546,448.799733437105
434652406.3316,3053.48627412205,449.096899580951
434652412.7242,3054.12228004202,449.868188331478
434652427.6492,3055.0380634201,451.659928661076
434652434.4959,3055.36783329284,451.779515948968
434652446.0363,3055.847038791,452.164571460564
434652461.0335,3057.52750438422,451.871022993614
434652482.9246,3056.84001828811,451.87048137479
434652494.8503,3129.90360590548,447.816238468308
434652501.5735,3216.30350883683,443.584391061845
434652514.4596,3221.54209394336,443.359040246714
434652526.9869,3227.0251384918,443.199916404117
434652533.9777,3232.09937312568,442.775701643814
434652560.7515,3238.04631768827,442.295898126109
434652576.5761,3240.79498218001,441.232946075564
434652579.4005,3241.91179662443,440.703153194231
434652593.0156,3241.69170995517,440.69370196206
434652600.9276,3241.43298698047,440.685411146763
434652612.5344,3241.71796853344,440.403634530018
434652626.0078,3242.6065851809,439.666259653947
434652636.2849,3243.92548570833,439.768090729423
434652645.7737,3244.31956985671,440.374914142978
434652659.1055,3244.62959432317,440.863147362852
434652682.2272,3244.7529303417,440.963394646203
434652694.3339,3246.85585094798,441.547682358778
434652701.1179,3247.12550664472,441.513481907787
434652713.117,3247.18222983106,441.287626177375
434652726.7787,3247.7250537372,440.156196682279
434652733.7268,3248.26298133738,438.867637250054
434652745.5757,3248.2248881006,439.529619586657
434652775.1704,3246.61821656027,439.639291350592
434652778.8015,3244.36666234365,437.994149138659
434652807.0917,3243.49503308503,436.97831878337
434652812.1229,3243.26668071622,436.845420547969
434652825.1399,3243.84178924643,435.532906462968
434652839.0853,3245.52532863918,435.622882863664
434652845.635,3258.49072434383,437.289314710571
434652858.8276,3269.32804798283,437.43802846662
434652866.9531,3395.8892730233,439.475283049887
434652878.9831,3405.21488778446,439.690047630512
434652892.6109,3412.61617123742,439.812282173303
434652915.3589,3418.55527391564,440.009962705408
434652925.7929,3454.54123569016,441.632139462004
434652933.4342,3462.34607967117,441.715587707343
434652960.2324,3466.08765841729,443.822453921947
434652967.0054,3464.31936176475,444.291820481746
434652979.0469,3462.55287713356,445.070487285361
434653008.2468,3462.20440712061,446.998301608229
434653010.0903,3465.04140939302,454.555082918512
434653111.3632,3215.33145309535,564.055844383628
434653125.7001,3328.28655531013,649.053047645173
434653133.536,3305.53512387792,619.886118738467
434653146.1935,3289.40952737227,580.262920707756
434653159.0579,3279.41235955139,555.561379694117
434653166.7351,3261.06516462961,513.68048807548
434653193.0127,3264.11397360295,489.396012241145
434653208.4734,3274.7607971047,510.665316821875
434653211.5434,3282.88245355538,528.821365614933
434653225.9871,3278.52186225937,500.853672248217
434653233.5351,3292.62802792891,478.907307492326
434653244.9351,3309.10359832324,458.037322036991
434653258.651,3322.77622112072,448.373609278506
434653266.7472,3322.92566017555,448.572504948765
434653278.8183,3323.88333077337,448.368390828893
434653292.6635,3323.20859940063,446.824984155922
434653300.1963,3321.27753668924,444.84428262879
434653316.4478,3320.09480954195,444.856022751339
434653327.2219,3319.9752144777,444.847007023113
434653333.9791,3319.27590762191,444.030018250895
434653347.2563,3319.2838695067,443.449977093792
434653359.0603,3319.53913598925,443.458033282165
434653366.6521,3323.40271949073,442.664011342367
434653393.0549,3335.55002531641,440.735667512294
434653400.0253,3400.68136433471,438.131971602723
434653412.1439,3412.78606371461,438.242608758133
434653425.359,3417.84840338654,438.190700279834
434653433.1466,3427.86822168906,438.593269699851
434653445.2461,3437.92402218695,439.059685753707
434653458.7254,3458.84806146905,439.856867723399
434653470.9809,3483.6882761324,442.532465599971
434653478.7073,3484.73294720135,443.72676485044
434653492.4532,3485.70757437646,444.296250683569
434653499.8173,3486.27094264027,445.320610672328
434653511.9514,3486.6275695091,445.923828470636
434653526.1844,3485.09176868561,448.824865322904
434653533.8398,3484.89932774941,449.26408462051
434653545.1789,3485.35879084417,448.806278740675
434653558.0385,3482.48745934902,450.43267199588
434653566.3901,3467.74208598998,450.58165806532
434653579.6539,3394.24390815619,445.343396236652
434653593.1501,3385.51012330257,445.025818290727
434653599.9967,3380.17946000537,444.874734698409
434653611.679,3380.32939489634,445.32382709484
434653625.4762,3375.32048018833,445.01307876097
434653633.2318,3364.89161344697,444.545799847943
434653645.1036,3325.57524077695,443.419972533903
434653673.3006,3321.6461159596,444.891084717382
434653678.556,3321.90294138582,444.329889291639
434653691.356,3319.20680484493,444.919834387756
434653700.0164,3319.34042916358,444.634920566788
434653711.9618,3283.82231203932,444.950703473033
434653725.9003,3250.55990968075,446.142476532955
434653734.194,3223.07943832928,447.705033635929
434653744.8916,3203.73100855889,447.571035598587
434653758.4652,3196.33591420364,447.329785109076
434653780.8079,3191.15950852978,447.150221701086
434653792.5792,3185.53036067779,448.298761561444
434653799.6929,3185.7423111361,448.548023769126
434653826.8058,3185.72078117171,448.87702112489
434653833.4634,3184.68253930139,447.96265246498
434653857.2912,3184.31516176294,448.072292220179
434653866.2053,3184.74716172718,448.176886535938
434653877.8469,3186.07058740801,448.620683113328
434653891.1204,3185.52984094844,448.400555350266
434653899.7813,3185.8108162665,448.617160823857
434653911.5456,3185.31529028902,449.303135931088
434653925.2389,3184.99728497655,449.349664231488
434653932.9615,3185.14074748147,449.59820718101
434653944.595,3184.90120060435,448.932176826048
434653959.0825,3184.89529104932,449.06959648047
434653967.8479,3186.33124907028,449.177146198707
434653978.1086,3191.70120239758,449.355503688219
434653992.1893,3226.45619945922,449.139922635932
434654013.8537,3229.14188311684,449.19793919851
434654025.4658,3237.39307552217,450.383703850116
434654032.9938,3238.84570955574,450.649021941924
434654059.4982,3240.67804596857,450.764446299224
434654066.2549,3250.28527692251,451.515865838015
434654077.9983,3250.06386558776,450.858243922638
434654092.5665,3249.66935044153,451.139333124016
434654099.4703,3250.10854245761,451.466430352003
434654111.1962,3250.58784074291,452.11381984403
434654124.9863,3250.65533977442,451.660918017081
434654137.6977,3257.82704883808,451.473985386988
434654144.5871,3429.72831881661,448.549697463165
434654157.3636,3442.41052164205,450.057840389842
434654168.6891,3445.62769722141,450.223351321651
434654177.9213,3448.93626770051,450.233437167264
434654191.6165,3452.04947884167,449.9713678404
434654214.4868,3456.67346045844,449.818029135576
434654226.7486,3465.126587004,453.048819178732
434654233.4165,3467.56932149814,451.452171612195
434654245.8374,3467.00318948029,451.062590974067
434654257.4733,3466.58982622215,450.77723852221
434654266.1168,3465.77024165683,451.628518171156
434654292.3095,3466.05267816927,451.456311189316
434654308.2332,3463.61729709753,451.833628805531
434654311.3583,3462.3381009082,450.416982465039
434654324.6179,3460.73041657198,449.971995008181
434654332.5802,3458.68310371066,449.986943934486
434654344.6498,3454.50336026184,449.599096954831
434654357.4533,3434.17888899054,446.41410030573
434654369.0122,3428.04947646219,445.211824823413
434654377.9386,3323.04593900855,433.113882509146
434654391.6353,3122.09535033331,420.923790362287
434654399.3489,2959.27067214043,420.225269941472
434654415.582,2781.47049294511,428.804472156096
434654426.8054,2759.8208418292,425.633223122995
434654433.7023,2712.49263040934,428.960403465301
434654446.788,2705.41345367005,431.927814478478
434654458.5078,2515.9124116594,443.308402844838
434654466.1215,2409.75259389276,454.180298976451
434654478.1127,2375.33595611367,458.105208327157
434654492.1087,2263.57362752016,471.235777462831
434654499.3173,2212.21149938151,477.992277434969
434654511.4884,2206.05826898962,479.167494426675
434654539.8545,2205.47908699618,478.574872595533
434654544.6658,2206.13703061085,479.3682291807
434654558.6543,2205.20593813886,480.430600771909
434654565.9151,2197.42269198855,483.959295272091
434654577.9747,2154.26480063271,489.365037536483
434654591.4907,2146.81119400114,490.177842394703
434654599.2964,2139.37330091645,491.193465691122
434654611.3087,2131.69618415474,492.773043301888
434654624.6548,2126.11418421213,494.161193505689
434654647.2596,2121.65815149273,495.32834781902
434654660.723,2102.18026431798,502.671398163647
434654667.4201,2102.16998927043,504.188672478012
434654677.8961,2104.0270613321,505.74194895623
434654692.2051,2103.77656827471,505.232351240601
434654699.1289,2103.81937167051,507.434968103053
434654724.4359,2103.93935436959,508.124563878107
434654739.873,2104.61784688636,508.483900656737
434654744.6485,2105.39242994094,508.747915692023
434654757.4585,2105.371147853,509.247124130707
434654765.871,2105.99067145361,509.078490031421
434654777.7259,2106.84764317283,508.846586386935
434654791.6499,2110.64754440285,505.319569139204
434654798.9148,2114.20442452815,503.532497209742
434654810.9223,2115.24593818702,503.492798278903
434654824.4895,2116.74039703266,505.730826201144
434654847.6955,2115.76501156578,505.027243213436
434654857.6935,2133.21359080084,512.132975374822
434654865.5022,2137.19397763085,512.340940407914
434654877.9581,2158.46714497379,516.172521226567
434654891.0878,2170.90054295071,518.360776515045
434654898.9969,2200.78261159173,518.930078616551
434654910.8024,2207.59681287659,519.084423002094
434654923.7246,2215.17301509478,519.178874421518
434654932.2934,2254.8571731199,523.189638349735
434654942.6819,2258.92876754296,524.885474967322
434654971.6824,2252.29260761244,534.514184499616
434655065.6658,2100.98145087168,954.717136102281
434655079.057,2203.96866661231,694.226752422681
434655091.3385,2180.56695640513,685.999425181028
434655098.6326,2182.23252873964,640.777757743233
434655110.64,2115.73536657249,635.514747928278
434655139.945,2142.42089961377,629.710725057347
434655143.9848,2136.08636469462,621.889205427694
434655157.7469,2153.12531803494,614.99266639036
434655165.415,2189.0993718904,601.988187082835
434655177.1675,2233.06871674501,596.794482284066
434655190.6629,2288.22829252383,547.970606112465
434655198.6836,2327.76343280776,522.095926182445
434655210.6651,2332.20766360629,520.191889915292
434655224.6194,2332.14326888822,519.023466119816
434655231.9833,2332.74139754836,518.41362256609
434655247.9194,2332.48746712435,517.926252578943
434655259.1136,2332.34469781154,518.572481333015
434655266.0142,2322.74700148631,519.02591170606
434655278.9471,2247.18111775012,515.656881757621
434655291.9251,2245.10799369753,515.724439728355
434655298.9048,2243.74814721167,515.796995889826
434655325.2069,2242.84664838921,515.94024972013
434655340.8053,2239.33915021836,516.143795734637
434655344.0268,2228.43491562021,513.736993233321
434655371.7944,2227.87389967954,506.633571818936
434655377.4539,2226.96794116941,505.275569785301
434655390.4931,2227.33467731432,505.746285207183
434655398.6239,2226.1485706145,504.477487992343
434655410.7007,2226.63201735218,505.132689688941
434655424.3088,2228.30331623916,507.392328803972
434655431.9913,2230.8711547734,506.776286368728
434655443.9999,2250.07701571693,505.964524365378
434655458.1414,2404.52806272003,509.82466570482
434655465.1268,2408.54783768534,510.23158273098
434655480.3837,2410.08476164057,510.371056583261
434655491.0248,2415.61400037207,510.938594240105
434655498.5698,2420.89083016424,511.5721363852
434655511.6341,2429.37297159817,512.116222488719
434655524.7943,2439.48019916473,512.637390013674
434655531.785,2443.1880534246,513.656915122653
434655557.3707,2443.41736528281,513.642461275638
434655573.2353,2443.11735829363,512.790623361527
434655577.2721,2443.61910497308,513.370183891482
434655591.4896,2444.08838663254,512.65173482322
434655603.786,2444.77453265145,512.005452928957
434655610.3782,2444.87268342435,511.799794225209
434655624.9141,2444.93164497468,512.086955719178
434655631.9071,2444.18344918187,513.86210832057
434655643.8063,2443.20760643806,514.708953397138
434655657.7955,2442.55465401987,514.827138932316
434655665.6459,2442.3078848848,513.259853650332
434655676.9996,2442.74770838282,513.666370317463
434655690.8067,2450.02085843352,513.225221501739
434655698.3953,2516.8756204578,509.36369156567
434655712.3281,2536.99231382899,508.349950356975
434655723.9582,2550.60616734523,507.896480657913
434655731.7,2559.84826370009,507.631549263227
434655758.7166,2569.36217462593,507.45822331583
434655774.1254,2581.17865559212,506.386086725743
434655776.85,2582.46564566963,505.09064268061
434655790.4668,2581.61490519658,502.96572501115
434655804.9704,2581.7004647878,503.246259259364
434655810.277,2578.43184201729,504.343014947147
434655824.1138,2539.63429760431,515.557103970437
434655835.2862,2550.65973812538,512.584003128811
434655843.4986,2401.40755514594,566.174952365919
434655856.859,2250.74144163447,622.105827519068
434655865.7634,2209.71450237242,637.72956721977
434655877.1094,2173.60931482197,651.87374629769
434655892.0638,2141.63224485844,663.729954434411
434655898.8995,2138.23588069956,665.156770576914
434655912.0915,2096.70293218878,681.411271985719
434655923.4646,2097.11285837081,682.29650453802
434655931.5045,2097.24922573087,683.148137286908
434655958.2204,2095.44169015445,684.646552590707
434655973.4063,2094.90756897704,684.115219855476
434655977.0569,2094.21882644607,683.942092440066
434655990.3811,2093.87008269817,683.524571739518
434656004.4304,2093.40171728512,683.184636014832
434656009.9176,2092.77831312088,682.414359529273
434656022.7886,2093.34569198697,681.971783257222
434656035.5668,2095.13005996588,681.380262145246
434656043.4307,2095.86107897381,681.470030291112
434656056.0321,2096.59733160001,680.783019083507
434656067.0456,2097.53699884636,680.644934112473
434656076.9533,2097.40821791829,680.148906648191
434656090.1752,2104.51367598393,680.402655891487
434656097.9801,2102.01555708496,680.320887465108
434656113.5629,2112.50053264624,680.348110703753
434656123.8795,2296.90727977438,678.002080908642
434656131.4983,2301.42883346361,678.782362060791
434656143.5279,2304.73960958685,679.176078381483
434656158.5959,2308.45881863012,679.406349979111
434656174.2551,2310.79546233636,679.48496293431
434656176.7087,2316.17859332978,679.334548206065
434656190.3085,2318.92041949727,680.049395675259
434656198.1529,2324.48140814054,681.661850353828
434656210.1422,2325.30779213172,679.940667784406
434656223.1657,2324.98501067751,677.764107014623
434656237.2054,2324.36970259858,676.906249318753
434656243.308,2324.41802292808,674.493137880098
434656256.0115,2324.10437587151,673.914533710182
434656264.634,2323.89524734456,671.317850900557
434656276.5039,2323.7313044116,670.834146116001
434656289.8046,2323.87547015865,670.073683829459
434656297.9999,2323.93172979554,669.632461401758
434656314.0863,2323.38218856052,668.628880287097
434656324.0741,2323.12398085468,668.059422237987
434656331.316,2322.73169077549,666.58103692321
434656345.5105,2322.62629886349,665.293005208688
434656355.4634,2322.41882623152,665.123129670959
434656364.5668,2321.48024218173,665.946189545158
434656376.7116,2320.85922310763,665.246877660563
434656390.933,2324.863741302,665.745259709205
434656397.9549,2328.9008116031,666.291899952303
434656409.9697,2356.35216107953,663.364902540011
434656423.6565,2428.50668785622,663.273786821882
434656431.2559,2433.19203805767,663.112000862553
434656443.6875,2437.67633555284,662.893687250465
434656456.5687,2442.85253038804,660.852638626254
434656470.556,2446.52176609462,660.308988773327
434656476.3808,2457.5700125587,659.939485096124
434656489.3573,2459.18933702052,661.520845275216
434656501.1474,2458.25048842074,659.765168186516
434656509.672,2457.20832060651,659.999809271261
434656523.0538,2458.652706912,661.13782739443
434656531.9487,2457.79022888656,662.403951038369
434656543.1439,2458.07786218684,662.72449965179
434656556.4021,2457.98015380631,662.531625233863
434656564.5086,2458.19447827375,662.507258048711
434656578.6356,2457.93226178822,661.383122142657
434656589.8873,2458.00201669829,660.766543721951
434656597.7622,2458.85434660362,660.018545976578
434656609.8892,2459.6837064095,659.777920020501
434656623.1555,2460.24424476719,660.071872954651
434656631.0925,2461.19587659355,660.343808940871
434656643.1495,2461.66444317803,660.541065813315
434656672.2675,2462.54547415857,660.771982243103
434656676.3041,2462.60993526772,660.14792590804
434656689.0226,2463.21962462707,660.333060095392
434656697.753,2464.54463179319,660.003187329998
434656709.7884,2465.12646879381,659.544117953
434656724.0749,2465.19338924386,659.639088883761
434656731.2669,2464.65805497819,660.994688832792
434656743.0391,2465.35205495266,661.607346627012
434656756.6427,2471.21605293781,662.040514257112
434656764.5229,2517.55470855618,662.896436282975
434656780.9226,2529.53112622027,664.026957999829
434656789.3106,2531.87752098273,664.046803183782
434656811.2417,2533.44030944635,664.352663874459
434656821.8205,2537.89309666257,664.485935699373
434656830.8415,2540.15561444885,664.693149188946
434656843.1394,2541.5590234274,664.889369233111
434656856.2347,2538.88344774529,663.302656353728
434656864.3281,2538.25777985629,662.440876469127
434656876.2644,2538.04188253548,661.189677119074
434656889.2023,2537.22871092099,660.237271782147
434656897.4346,2537.15523184446,659.797651399905
434656909.601,2537.21134573481,659.862915722806
434656922.6679,2537.30176453715,662.136263979234
434656930.6966,2537.33944218724,662.279729420364
434656942.912,2537.84536099861,662.410219506119
434656955.9921,2537.71111221525,662.759184592872
434656964.0933,2537.20073591037,662.575298660897
434656976.1321,2537.32769980691,663.214904025741
434656989.6799,2537.29234661967,663.213791581599
434656998.187,2537.62977025073,663.554188173651
434657009.2036,2537.5674349456,663.533061715213
434657022.8206,2536.87994072142,662.681105914583
434657030.8004,2536.59906498669,661.937432043974
434657044.6725,2535.99141812024,662.275901849644
434657056.5054,2536.59787194953,662.046194809276
434657063.9507,2542.82680892151,662.397671489365
434657089.2411,2666.9585672116,663.928632182179
434657097.3807,2683.67113753994,662.445111891118
434657122.7685,2686.37627030563,661.842357756819
434657130.9344,2694.28120482023,661.069149377212
434657142.5395,2696.11429759085,659.756255733851
434657156.4182,2697.59042182802,658.346455774772
434657164.0117,2698.61430113517,657.349981971627
434657175.7601,2699.99043174839,657.681609276021
434657189.1517,2699.70850523358,658.067940045414
434657201.3633,2699.22994772684,658.99625739591
434657208.9945,2699.14607794368,660.277534751464
434657222.8622,2699.19733592255,660.350305252509
434657230.6735,2699.34828693922,661.930298606258
434657242.612,2699.84250573943,663.170358271763
434657256.5855,2701.23766407752,664.488222100087
434657277.9095,2700.77424915137,664.847239454739
434657289.1724,2702.49736189931,666.395948932514
434657297.2124,2702.92127261139,666.760139096975
434657309.1507,2703.14746750897,666.91034499162
434657323.2282,2703.22437009403,666.692604313795
434657330.5168,2703.79438404961,666.443790917349
434657356.4073,2703.69982871705,666.206487964716
434657372.0492,2703.44140940562,666.117818107317
434657375.5727,2704.36543209282,666.789697998578
434657388.724,2704.62586227717,666.591317583639
434657397.3241,2704.91210269348,666.601904712348
434657408.9163,2704.30645395694,666.500248461172
434657422.955,2704.98794316981,666.820210867323
434657433.9158,2711.67292292897,667.161999795161
434657442.2807,2725.51514642869,666.395003911915
434657455.8477,2732.46239121063,665.764878055834
434657463.9835,2737.85744966381,665.302059406527
434657475.5835,2747.00500311642,662.209150821649
434657488.9559,2750.84276151619,660.117770028183
434657497.0673,2751.75791048293,659.27421714285
434657511.1913,2754.45587443574,658.27536647151
434657523.3366,2754.73152447386,658.244248409361
434657530.4585,2754.0003225135,657.896643749105
434657542.1737,2754.77520941732,658.82817961151
434657556.8696,2755.23039334583,658.479640595566
434657563.8234,2755.07475540311,657.955715147667
434657575.3977,2754.8824293103,657.620159651465
434657589.5441,2753.29773948196,656.034771124134
434657604.2324,2757.3306022997,656.738263651546
434657608.8684,2765.43186067465,656.669083218506
434657621.8988,2783.69873957525,657.653922941425
434657630.369,2901.03485573087,662.650551636529
434657642.2835,2903.85377620906,662.792238615664
434657655.9356,2905.87072368822,662.835170728202
434657663.5994,2907.86414184756,662.92169751285
434657675.5467,2911.41173935775,663.050916642384
434657688.8774,2926.84807142606,663.891771152255
434657712.1321,2927.82972948608,663.738591268415
434657723.5408,2922.14671262813,667.626048330449
434657743.4864,2895.99574329015,684.865338937985
434657875.2236,2721.0531631267,790.43272806113
434657888.8625,2828.93651019826,778.264027463926
434657896.6816,2843.98879491809,766.238678031912
434657912.4216,2884.49274049272,735.854857670277
434657922.7597,2891.12917274896,725.94114602724
434657930.0512,2894.99063412612,706.055273445197
434657943.7337,2893.37814079103,689.318208141059
434657957.9896,2890.53490593377,688.924939884638
434657964.3525,2884.81067021121,687.860910699144
434657989.5288,2861.16327201705,673.614188390462
434658005.5242,2856.74075772494,673.243796175931
434658008.5028,2848.2234640668,662.87155369568
434658022.1521,2821.70567902372,658.724078359902
434658029.938,2788.04780911681,657.834182852198
434658041.9572,2778.70967796281,657.41952038081
434658056.2071,2771.33671302403,655.144811300019
434658066.1956,2756.16234267205,653.589420950059
434658075.2627,2755.33262915794,653.926163601408
434658089.6687,2756.27825261403,652.393152242275
434658096.6741,2754.45553652655,652.981128162159
434658113.1327,2754.32546315735,652.899559549175
434658123.1611,2753.95614089779,652.704923437613
434658144.3277,2753.61627569359,653.703338243692
434658154.4974,2752.22665442289,654.519027629725
434658163.224,2751.57018391881,655.4278529616
434658176.2705,2749.99913066194,655.490105556171
434658187.7799,2749.49514778573,655.151068308324
434658196.5618,2748.06257943735,654.13490271894
434658222.8492,2747.93634537761,653.428275111895
434658230.0149,2748.36720266788,652.687903319955
434658241.8952,2748.73417205141,651.562868459328
434658254.9989,2749.19195463374,650.522660922275
434658263.2953,2749.03361645413,650.572548694731
434658275.1359,2748.01005831691,651.177031939556
434658289.511,2747.65986809651,651.378439718089
434658296.583,2747.87484076825,651.378579752031
434658308.2657,2749.50097937502,651.365290526772
434658322.1514,2747.9807073109,651.319582243637
434658329.909,2753.19743586963,652.217596680791
434658341.7313,2766.92628909426,654.249462321631
434658355.0139,2800.24402904021,655.62927942874
434658363.0003,2857.31088613249,657.951465838795
434658376.4705,2863.96150084062,657.987448555954
434658388.3297,2867.51166880814,658.015397752578
434658396.6071,2871.12339389521,657.982196713212
434658422.6054,2877.65737376843,657.941133467231
434658429.8102,2935.84575590346,656.210877246796
434658441.8598,2936.42655320941,654.280233839575
434658469.2425,2936.26386264636,654.446813384769
434658475.1052,2934.60490509503,654.5694381453
434658488.4976,2934.9580630251,655.815738251678
434658496.283,2935.18964495929,656.228170151371
434658508.2378,2935.85964964069,656.524795288919
434658522.0833,2936.00351359013,656.745474257339
434658530.812,2936.6525601569,658.193477279606
434658541.769,2936.78165916569,658.580002389899
434658555.3279,2937.16584275591,659.003777293365
434658577.5887,2936.93335720046,658.91879833263
434658589.4222,2950.42297023764,660.084922282643
434658596.3333,2957.33376622781,660.144161823235
434658608.7694,2986.50050160076,660.529024692497
434658623.1809,3000.45666311917,660.746318361042
434658638.7357,3015.37735492829,660.801996436036
434658641.6519,3038.40980468989,659.585048915653
434658670.202,3049.24343445717,659.193934697009
434658675.1184,3101.57303594897,658.277803671085
434658687.9367,3103.27618159586,658.604978840411
434658701.1551,3105.0866297231,659.455789791824
434658708.4246,3104.57553875955,660.026217134079
434658721.2838,3104.99037161492,660.319713783741
434658732.3491,3105.66012276912,660.32158745868
434658741.5752,3107.61811508114,658.631117365546
434658754.9965,3108.2757259383,658.265739405432
434658762.8744,3108.80151518313,657.651573884279
434658774.8855,3110.75101897579,657.402765174746
434658788.5092,3111.92343909281,658.133318326343
434658809.7137,3111.55210782703,657.484794538716
434658820.1295,3118.95352622326,658.756788317662
434658829.2152,3162.87997217115,660.83766301946
434658854.8609,3166.86460944882,661.287404480654
434658862.8505,3171.48437215257,662.10527051721
434658874.8523,3172.86455976649,662.336343177251
434658903.4283,3174.99497024329,662.405199138209
434658908.0545,3177.80978708996,657.907307314285
434658921.6102,3176.88346638949,659.803979117164
434658933.5554,3176.37247844751,659.13409982287
434658941.2836,3176.10947202858,658.584186988067
434658953.8362,3175.65411164349,657.278627517454
434658965.2216,3175.57017694804,657.067994331379
434658974.4757,3176.0671535592,656.281941795993
434658988.0868,3175.96039881646,654.901174716984
434658995.9649,3175.92317060909,654.550179484767
434659008.0949,3176.04768665112,654.70222574554
434659021.6277,3179.13734804903,657.921929778825
434659043.8913,3178.20985842988,656.924058566455
434659056.1535,3324.1219102552,650.553608081087
434659062.8494,3326.54584239025,650.438441101785
434659088.6867,3328.36063540169,650.386433306121
434659095.8267,3334.4389620182,650.112958845965
434659108.0788,3340.17498694483,649.617122241387
434659121.5261,3341.17957219744,649.296174368857
434659129.246,3342.39702825925,648.937791210105
434659141.3088,3343.34446420886,648.47561114313
434659155.2516,3343.088179267,648.283017248035
434659162.427,3343.73470715393,647.046599327759
434659174.685,3344.15006019461,646.66130707263
434659187.6457,3343.6138979287,645.676100210708
434659195.8595,3342.93680898778,644.974544004325
434659207.8838,3341.55708912767,646.110769309459
434659220.0947,3341.2609663652,646.333432624083
434659229.8324,3341.15342805252,644.82282920785
434659241.3663,3340.4503089268,644.631075581572
434659253.8235,3342.51895045852,646.84731379579
434659277.3043,3345.23568902965,648.448848473599
434659288.6321,3345.67290780669,650.192339782692
434659295.7207,3346.54813224518,650.660063306621
434659309.1047,3346.53982211404,650.33455344596
434659321.1213,3347.93396385348,649.505167786568
434659329.106,3351.81429850961,647.808862885092
434659354.5172,3351.67128852305,647.957299806695
434659362.4081,3353.29416754226,647.604665221885
434659374.4917,3353.53845155692,647.396163710605
434659402.9981,3353.43986362225,647.265739251651
434659403.0326,3354.71670331706,646.821842765431
434659408.135,3381.65298146792,645.085213689131
434659420.5458,3429.36842507675,644.28143566743
434659428.7571,3436.97470775696,640.721121823545
434659440.9913,3439.277172204,641.234666357526
434659454.7413,3440.66035603562,641.242498800108
434659464.3394,3443.60447437918,641.500270080409
434659474.4204,3445.40155076849,641.488436574035
434659488.1869,3445.62843030242,641.683104223479
434659510.9619,3444.70066717813,643.150190834307
434659522.2917,3445.86563698106,642.131479451398
434659529.1744,3445.68843930668,641.751342006456
434659541.886,3447.3984727491,641.01191021103
434659554.98,3448.08880402593,641.521016511162
434659562.1365,3448.28725141969,641.233484453865
434659588.1309,3449.59090408545,642.1991437052
434659590.054,3449.63576062073,640.243957556585
434659596.0954,3446.23448223856,638.626746682365
434659607.4424,3423.61604316233,635.492571145812
434659621.2708,3421.85212045388,635.285622894016
434659635.6281,3415.19805687118,634.373150239619
434659640.8796,3413.17184427866,634.088303729333
434659653.9463,3410.8858808135,633.789612488579
434659665.5053,3410.70452993386,634.284048025022
434659674.07,3408.34863347047,634.473867830248
434659688.3031,3406.90110819331,635.839501422621
434659696.9456,3406.47025019313,635.190949675241
434659707.5455,3406.22509369157,635.423726495489
434659720.6547,3404.67199171189,637.885829041906
434659743.8989,3404.9932112851,639.754746936255
434659755.2121,3405.30033132551,640.125021099369
434659762.1729,3403.74219354979,640.625580525968
434659774.9164,3401.34393201793,640.975953073587
434659787.4032,3400.12734640503,641.898059010153
434659795.3359,3400.21918847069,642.645521911706
434659807.3375,3400.98578323763,642.80091250976
434659821.5261,3400.87468153268,642.923097380801
434659828.6503,3400.04307100037,642.989140649814
434659840.5125,3399.34299668325,644.875182846232
434659853.5759,3399.30069873185,644.352010966045
434659866.8238,3399.23237728632,646.178687061477
434659873.8025,3399.60973078025,647.657492468957
434659887.5325,3399.84363499815,648.605713517667
434659895.2553,3399.7624665643,649.103489605084
434659907.3284,3398.97297937065,650.172844223212
434659921.2095,3398.89549946575,651.976343109332
434659929.7165,3403.10159094432,652.355169669332
434659940.8394,3419.27288081037,656.937940388843
434659954.4043,3422.57923390542,657.998234041952
434659962.1089,3428.89096681443,659.560903744093
434659976.1166,3432.5738530938,660.551746132809
434659988.1455,3436.14616049566,661.3040608659
434659995.2309,3442.6341126645,662.358034306801
434660007.971,3454.31352889681,661.548152429491
434660020.9502,3454.83194195027,660.043659152981
434660028.6179,3457.28540390971,658.209687507381
434660040.4418,3456.16706370883,659.614145852592
434660054.2835,3457.32392437411,657.276121804761
434660061.927,3458.12300027226,655.721018360619
434660073.7159,3459.53637690502,652.830586040252
434660088.8039,3454.92618223159,651.136469284829
434660095.3761,3449.00577471248,645.960789809921
434660106.9911,3444.68489259383,647.710313247208
434660120.0111,3362.74923688788,647.192035207004
434660128.6405,3141.5527927197,645.995931907629
434660140.5122,2748.11344054583,655.659890632465
434660154.4106,2672.34641645351,659.07984380506
434660161.8048,2650.97741860754,663.106123540647
434660173.6892,2622.93357505294,664.970325118776
434660187.5445,2593.94738078916,666.053247197375
434660210.735,2543.52965346893,667.458952744316
434660221.5308,2260.10706471351,684.886017938821
434660228.5198,2187.57546462791,690.703079151595
434660241.7605,2175.23618286148,692.190372460486
434660253.5623,2177.07551608645,692.919469272193
434660261.6986,2174.60053665575,692.965845098651
434660287.1318,2175.89411008591,694.249898528503
434660295.0543,2178.54574543117,695.033690546783
434660306.8455,2179.07439106757,695.91334584784
434660319.7454,2177.28421506064,695.269850895133
434660328.433,2177.5566422507,695.801835738306
434660340.3283,2131.79656001755,702.483393094565
434660353.084,2125.75646264047,703.659183356294
434660361.6946,2122.27061846267,705.985236354868
434660373.6056,2121.63806103124,707.377983044836
434660386.5415,2118.94933946522,708.117648662272
434660395.0357,2118.25735226658,709.4285867149
434660406.9774,2118.19923784684,709.886185747379
434660420.6582,2120.05397951053,711.242215164061
434660428.229,2122.66705690438,712.748711277038
434660440.21,2122.96296766722,713.03361469582
434660453.9991,2122.87037767427,713.339469103152
434660461.6119,2123.23138026989,714.136889530072
434660475.6912,2124.04900497597,715.908654099933
434660487.5314,2124.31163059817,719.522623521615
434660494.8168,2125.01820180415,723.674650453891
434660506.8266,2124.31910192819,725.468485771799
434660521.2137,2118.67879823681,752.371180631953
434660630.0636,2168.25391366224,1168.69762536207
434660642.8882,2222.35284481736,996.970818843277
434660655.8607,2222.28249875329,930.76270978918
434660663.4784,2230.8696845406,870.314870195841
434660676.7732,2245.14984733395,822.507494894112
434660690.1466,2253.1366892154,803.031131950938
434660697.1198,2264.14937462209,785.484694279228
434660708.9641,2277.57364081779,765.606096872817
434660722.7725,2286.93714264263,751.353360829022
434660730.7746,2293.23558595985,740.924055730993
434660742.393,2295.62548899611,735.692243396547
434660756.1502,2300.56608966482,730.374481132885
434660763.8524,2306.3195345502,715.651022045967
434660775.7,2308.7392264323,711.689088316176
434660789.8295,2311.04341839747,707.948778175452
434660800.5416,2313.67177393293,709.032091720043
434660809.0192,2316.2372440483,707.73608717679
434660822.6818,2318.38372534833,706.396585514724
434660830.8561,2327.66523871749,707.167181807202
434660842.3218,2355.99256341861,709.577905027328
434660855.7507,2364.88608627956,710.530019441004
434660863.5678,2372.19023318972,711.086325373443
434660876.9799,2383.20123660223,711.956495256628
434660889.2154,2389.62592006566,712.928124164694
434660897.0994,2406.76252752258,716.497194068784
434660924.0232,2407.32654066452,717.464868641692
434660939.3914,2408.71334477945,717.750282303179
434660942.4583,2408.43272133098,717.392258547467
434660956.1842,2410.03750871489,717.574815704322
434660970.1101,2410.48068612362,717.649293059003
434660975.5096,2411.27217097925,717.336142287904
434660989.366,2412.7500028252,715.836648476203
434660997.0756,2413.58221465101,715.075836731077
434661009.2606,2412.43726906868,715.063818905723
434661024.5774,2411.48973012204,716.028224436862
434661032.5011,2411.59744930087,716.207123034864
434661042.2624,2411.31700975046,716.124027014392
434661056.0172,2405.98332933753,716.371552353093
434661078.5723,2406.3581505638,716.302100346008
434661089.562,2354.78647096363,712.622713058
434661096.8433,2341.93151427413,710.759286726882
434661109.5915,2335.14168157134,709.515825002301
434661122.1266,2324.43419847293,706.452754238152
434661130.2731,2320.62503085351,705.230628686856
434661142.1201,2311.5230664577,702.980974784213
434661156.1091,2311.39990933079,702.027576757468
434661163.4664,2311.43415672351,702.08639310872
434661175.3174,2311.0346791669,701.715604174998
434661189.5555,2309.42576040357,699.217307008301
434661202.5367,2307.16578828597,697.706417520929
434661208.639,2306.14113270398,696.758085920035
434661221.9468,2306.03845546903,696.672826980392
434661230.0488,2306.10875725815,697.086188275468
434661241.9301,2306.91039117541,697.500622795192
434661255.3974,2307.43530992309,697.752538964803
434661264.8683,2306.57291230712,697.244819714288
434661275.2087,2305.83229287371,696.890100204584
434661289.5321,2305.86285284744,697.176440893305
434661296.7293,2305.18864196804,697.464800966743
434661311.2666,2305.26920870997,702.043945196964
434661322.6818,2305.98957233053,701.127088540667
434661329.9676,2317.01666844674,700.721162278316
434661341.8891,2563.74612541468,698.10570104328
434661356.0417,2570.19934089813,698.34199927229
434661363.3418,2577.35068775253,698.863211926927
434661388.7135,2583.2912473769,699.726894170166
434661396.7159,2599.53577268865,700.783126101714
434661408.4809,2601.95990725756,702.405668037938
434661436.3644,2603.91987280654,702.998148754913
434661441.9137,2604.79756257676,702.25144998454
434661455.1426,2605.91298395213,701.826753943624
434661463.2827,2606.81682024747,701.168712565553
434661475.1667,2607.24512466574,700.107708018153
434661489.436,2606.79421197794,700.460605304998
434661497.4362,2605.96471658544,700.38478817609
434661508.5905,2603.94072821228,700.971447911738
434661524.0226,2603.05146424271,701.179457810695
434661530.6444,2602.54753210528,700.238105002263
434661543.6485,2601.15880797129,698.024605969281
434661555.0108,2600.86709462578,697.93269462037
434661563.2534,2600.57305094518,697.440035164862
434661589.2165,2599.96115698707,696.291236109231
434661604.5128,2599.67884516932,694.704694276382
434661608.6802,2599.58769711881,693.148651280638
434661622.9354,2599.28899811866,694.953721799138
434661636.037,2599.30675309836,695.125195819357
434661641.8831,2600.09140422278,696.409114076453
434661654.9093,2600.25823484752,697.396230399007
434661663.2753,2599.64348606748,696.6246476974
434661675.1062,2599.30583149665,696.018289436186
434661688.9191,2600.01669083385,695.113744856493
434661698.6189,2600.91281396284,693.308649090784
434661708.5803,2603.05511945415,693.882999449537
434661722.0749,2614.71119919234,694.496572071068
434661744.6639,2625.12505401483,694.89101498497
434661754.6431,2648.64028763085,695.573995730381
434661763.1977,2660.70815935207,696.278818777958
434661789.5837,2674.06369866048,697.248064956372
434661805.3314,2756.48783129573,703.402159739504
434661808.1492,2756.89127798343,703.83400153183
434661821.2833,2756.85133867764,704.192868590164
434661836.7195,2756.738048918,703.87085459984
434661841.9281,2757.31425058479,705.141305762938
434661854.6925,2758.04677832187,705.06371643285
434661867.4389,2758.79652567072,705.335479403514
434661874.8425,2758.75709453524,705.039943593321
434661888.3644,2759.32361758126,704.702872937316
434661896.2305,2762.33163184291,704.756514692898
434661908.26,2766.38716339761,704.966894785071
434661922.1964,2794.38609434912,705.780543425166
434661944.1055,2796.64116409451,705.882654620884
434661954.6284,2823.89305949232,709.908415528581
434661962.9409,2826.86508912683,710.115779442307
434661989.8288,2830.80079654907,709.863542821094
434661996.6365,2845.89653272054,712.122922426101
434662008.4191,2846.65765114425,708.479929061433
434662036.8774,2846.19121493771,708.302613037615
434662041.4203,2846.10245256612,709.099816591118
434662054.5348,2845.80559860834,709.409806687635
434662068.4687,2845.33289719049,710.111293673342
434662074.6722,2846.29481426072,710.035933308451
434662088.5742,2853.10553373257,710.875003249843
434662099.0902,2865.99519976713,711.968279908922
434662108.1674,2880.40324374584,712.083445881165
434662121.191,2888.09157990661,712.374042363857
434662129.5372,2902.63145851859,713.022510091056
434662145.3689,2921.95756395255,715.488096298017
434662156.6187,2932.10331180775,716.092321533011
434662163.2969,2955.49553462944,717.660044451686
434662175.5828,2956.39627764282,717.71976023316
434662188.808,2956.6833021057,717.700490680512
434662196.2556,2956.30311860499,715.964777813634
434662208.2179,2960.74353008086,716.272722333606
434662237.1593,2961.60326972881,715.621714204465
434662241.467,2964.18331293183,714.735656545605
434662254.6628,2964.21815089993,714.891280866085
434662268.0042,2963.94557036739,715.062923405706
434662274.6935,2963.02403654062,715.118762016889
434662288.3823,2962.69955963557,715.479244836083
434662298.6349,2962.06221446251,716.760465697958
434662307.4547,2962.01034187269,716.725563997208
434662321.6099,2952.44018123557,718.004297074043
434662329.6524,2946.66067556415,718.844108478113
434662440.5698,3007.91886192481,780.846282691208
434662453.9328,3144.00987866165,813.268669430374
434662466.9691,3108.35376418469,794.241389878065
434662474.3118,3082.61715840025,777.684740251414
434662487.1886,3078.83481032631,766.402858989047
434662497.929,3078.78120625893,740.893601660983
434662507.8039,3078.80372452872,724.523917374472
434662521.1904,3078.86822371722,717.397726935998
434662544.7855,3079.5476756436,714.558435104664
434662554.278,3084.91475909194,716.459986908368
434662562.6794,3088.78176052146,704.585871900085
434662575.4107,3089.28511764822,703.496910154592
434662587.9638,3089.15561056037,703.857672116229
434662596.1354,3091.81714805509,705.839841471308
434662622.2237,3092.44311100785,706.796446463975
434662637.7572,3092.67045322347,705.725764126607
434662641.0746,3093.2922806309,706.886180928671
434662655.2378,3093.35836756112,706.877765014198
434662668.0165,3091.39166145019,709.062015833957
434662674.4195,3092.00094859128,708.390431095181
434662687.4881,3089.95818870675,709.655475095779
434662699.6439,3086.82959449623,710.224663450803
434662707.7758,3098.69806440031,711.069601539618
434662720.8669,3115.77002485491,711.282536168379
434662730.8408,3138.05192273349,710.536966861388
434662740.8128,3153.60034888746,710.207891530098
434662754.6451,3168.78417275501,709.757356436756
434662777.6504,3197.99091550753,709.329439270253
434662787.7793,3262.18489330777,708.235936945911
434662795.757,3266.25476845177,708.210950310775
434662808.6283,3266.75324779711,709.387455489532
434662821.2006,3267.44901197257,711.797681760063
434662829.1714,3268.13080407367,712.426757957419
434662840.8771,3267.589968732,712.161149334539
434662870.1142,3267.45047422947,712.117710156328
434662874.3863,3264.36956503036,708.892932988541
434662887.2769,3264.274648333,707.967408351694
434662895.6654,3265.7025789034,706.676712954416
434662907.5263,3265.45224345578,706.244538287172
434662921.3497,3267.8498987624,703.613134579993
434662929.0691,3266.12219080318,705.969904724992
434662941.0611,3268.38099825729,703.844484907297
434662954.7764,3279.25668387384,703.354389784166
434662963.0619,3341.29265068833,700.756440202126
434662974.2764,3379.08410100518,699.04172796788
434662987.8051,3400.96177563002,696.501841524453
434662995.5737,3415.06207585637,695.517369896262
434663009.4015,3423.73980600376,697.338933924349
434663020.9119,3429.39198787726,699.165967388195
434663029.0749,3431.23725815599,699.984238887326
434663054.32,3432.73584742895,699.837693733104
434663062.3793,3435.50510576,698.170464165657
434663074.4689,3434.73340475833,698.271646568318
434663101.4246,3433.92528264253,699.418174183494
434663107.5986,3418.79692669568,694.884489482153
434663120.392,3402.85072883447,692.586756823391
434663129.0075,3384.50499688361,692.044925103223
434663140.7605,3209.82044559867,687.325948279419
434663153.6237,2864.87655396384,689.336264055443
434663162.1404,2671.96226408925,698.588195320338
434663174.1156,2544.97998059406,709.16734060089
434663188.4195,2460.71160486467,711.852462551033
434663211.2226,2427.98312219927,713.612104959973
434663221.7501,2285.79518660073,726.581160398896
434663228.7658,2226.62852717359,733.112661911641
434663240.385,2135.00635298752,736.596195497631
434663253.8742,2084.75977495054,737.834613205103
434663262.0969,2063.77213769192,737.121247781363
434663288.3842,2057.14014345767,737.442536296936
434663295.1859,2058.58160908022,738.328381083183
434663307.2046,2055.5077738409,739.328006255486
434663321.308,2051.86160191976,738.914452853949
434663328.7974,2051.09251817034,739.450415576351
434663340.7068,2051.59381032483,740.331102002902
434663354.2744,2053.14443426906,740.800217257046
434663365.3659,2053.60359699272,741.052978539827
434663373.8299,2054.42411500533,741.387412676652
434663386.2109,2057.51456467399,742.451975202911
434663396.612,2062.03120420974,743.110573991835
434663407.1185,2063.66128180935,743.688120355568
434663421.0928,2068.86937688774,744.481876956547
434663443.8394,2079.07620014136,746.221720862711
434663456.8619,2094.79097443146,749.407297851482
434663463.4135,2101.25450162124,753.411127618142
434663474.1996,2103.26930816901,753.65691434417
434663487.4647,2104.43198627595,754.594863220968
434663495.3651,2104.82072870718,754.177757458833
434663507.2238,2105.39799241415,754.872626767185
434663520.7163,2116.59642363537,759.582444071734
434663528.6941,2115.42295566627,759.492901891357
434663540.2667,2110.96978733091,801.983893994895
434663553.5981,2107.72878452877,831.764857538216
434663561.8078,2104.54695876964,860.817981112691
434663573.5892,2101.66290768192,879.638640043566
434663586.134,2099.37127539882,897.235750711043
434663598.7154,2097.91792637205,910.162667751838
434663606.9835,2093.10125604086,943.991703328079
434663620.1225,2093.85964843904,943.75831584559
434663628.4249,2094.18577461644,944.288805503895
434663644.812,2095.80952307823,944.200300443553
434663655.6124,2096.53309779533,943.986614392022
434663662.4332,2096.96078721562,943.571572160138
434663676.2137,2097.97511223829,943.407079350334
434663687.7538,2098.7809232324,943.073263508887
434663695.055,2099.34808182782,942.92764076985
434663721.028,2099.75294850283,943.068116557299
434663728.3989,2101.91083811873,944.832432913763
434663740.2974,2102.70511271712,944.34246582348
434663753.6256,2121.25866739745,940.836000148829
434663761.6679,2185.21990550079,928.083499312426
434663773.5041,2199.06582967013,926.617720831847
434663786.8171,2209.14746075422,926.557610940092
434663798.6114,2217.52402293257,927.670564504075
434663806.9763,2223.78579664826,928.000656494178
434663820.1888,2224.90757931769,928.673257825383
434663828.331,2226.65130446681,929.171492526112
434663844.0983,2227.89833174231,928.712313163891
434663853.5826,2228.59186737456,929.25534230288
434663861.8136,2229.28799553772,929.646877312666
434663874.7529,2231.04576164544,930.069936532345
434663886.7108,2232.40102875895,930.633957858923
434663894.9067,2234.02706578648,932.103212085529
434663921.5519,2234.12342551799,934.438841793827
434663928.1889,2234.84194894792,935.032671527713
434663940.0129,2234.64970344614,935.085502319489
434663969.3807,2233.54756395626,934.967388790082
434663973.3814,2233.2831161711,936.925885433697
434663987.1085,2233.83775029282,936.863370672026
434664000.5506,2245.11286873941,936.762199797436
434664006.969,2304.01380428272,934.311077124405
434664019.5666,2314.04761975689,934.057475459912
434664031.9602,2323.21582437209,934.164499739484
434664039.811,2326.80916048453,933.785739077352
434664053.3328,2333.54371661049,933.522261932231
434664062.4508,2337.99521571367,932.977940646786
434664073.2063,2347.05324407441,931.814471064922
434664087.3518,2347.02413520155,931.222111693872
434664094.9351,2345.85488644843,929.840143200425
434664108.9295,2345.37091200518,929.990411430841
434664120.1359,2345.22272196315,930.31639249093
434664127.8358,2345.50485167007,931.035645680128
434664140.6181,2345.33501262222,931.537160516724
434664153.531,2344.95081636998,931.63698528667
434664161.469,2344.6863226427,931.85824242284
434664173.1182,2344.74556407452,932.489215631261
434664187.1592,2345.29440024505,932.963368147316
434664194.6957,2345.57493184448,933.266042249767
434664206.6019,2345.78823085969,933.123670719559
434664220.0405,2346.04164601805,933.238127863511
434664227.7866,2346.1203785157,933.033039254837
434664240.4724,2346.37105012717,933.137432953493
434664253.4682,2346.5234609025,933.198394118244
434664265.3045,2346.27445678297,933.205281467937
434664273.0448,2346.28680519417,933.220478487585
434664286.0201,2346.7860401269,933.293618171754
434664295.373,2347.18616300864,933.362398817297
434664307.1026,2347.84472727416,933.494044712002
434664320.6768,2349.99655060199,934.353528272131
434664327.9371,2350.04096644925,934.627233463863
434664342.3975,2350.96590711908,934.972054982419
434664354.3563,2349.46715937782,933.370379912257
434664361.4186,2348.80216456585,933.119650437347
434664373.8339,2347.95832215735,932.773982241829
434664386.8706,2347.53236936921,932.562367511731
434664394.5175,2347.39889683268,932.27014918725
434664406.4795,2347.14854737382,931.739251308092
434664434.8168,2347.61152256229,932.140422990101
434664439.8401,2350.13509616494,933.584877838352
434664452.264,2350.08655760961,933.681387282893
434664461.0671,2349.49028623603,933.103485415642
434664473.5272,2349.72830794234,932.691858223134
434664486.9919,2350.00194902998,932.079098609214
434664495.6068,2350.02709788142,931.004304822623
434664506.606,2349.89781231473,930.323608496297
434664521.0343,2350.42208956009,928.378756630251
434664542.5839,2346.19681296722,929.001297410401
434664554.2127,2290.20039951665,931.691304218179
434664561.3066,2268.68158697085,933.05710244536
434664573.3037,2264.03359829103,933.37493736695
434664586.46,2255.75617656989,934.078763695003
434664594.3891,2250.47635674875,934.404189327795
434664619.5795,2244.91472260894,934.543875186556
434664627.7978,2205.96239848187,935.140645097694
434664639.4964,2202.0958775058,933.606941346594
434664652.2395,2202.77652757352,936.962836738339
434664668.1853,2202.45019805623,935.95059441751
434664672.859,2203.40973203758,935.899209142911
434664686.7072,2204.4577281648,936.0473190581
434664694.2725,2204.80926648202,936.407598189072
434664706.2436,2205.78714560295,938.226800515013
434664719.9262,2205.6866278847,939.062652321063
434664727.6616,2205.53500856048,938.69470110473
434664739.8749,2205.59268051954,938.944615924811
434664754.1458,2204.76465322752,938.627909867934
434664761.068,2204.96822606401,937.802814177363
434664776.5008,2205.2308489299,938.142950855441
434664786.1377,2215.23314395024,939.904518211674
434664794.4285,2232.50220739614,939.436310960237
434664807.0949,2261.12627988165,936.704142170847
434664820.6623,2276.17830811071,935.314486071375
434664827.7401,2292.80419315929,933.889698904842
434664839.465,2309.78976278528,932.876209529306
434664853.3919,2319.38956105106,932.152501581841
434664860.7716,2356.71975492167,929.007461645578
434664872.827,2412.07446847303,924.023745090348
434664886.6076,2414.69312000446,924.317938215683
434664894.4056,2416.07899700022,925.240664827762
434664906.0232,2416.54378384164,925.590341975908
434664920.0793,2416.51782130283,926.288873957241
434664932.1458,2416.44197631861,926.698214964993
434664939.3341,2417.92478182528,928.686215520508
434664953.5419,2418.49961336644,928.511979772861
434664960.8029,2421.47677159782,929.357294388663
434664973.0478,2425.19926684797,930.818996480023
434664986.7709,2449.34219584656,934.349935264114
434664994.1876,2452.73272074729,934.79028674257
434665010.4117,2455.78041833374,935.304708783617
434665019.7873,2458.48040023568,935.777903857099
434665027.5155,2460.3360853019,936.017903492176
434665041.5442,2463.56724386962,935.975339183059
434665053.6285,2475.80970477444,934.727458980149
434665060.9897,2475.37236757713,932.489710941791
434665087.2478,2475.29217829493,934.930365739556
434665102.5991,2474.90932224833,935.107649728439
434665105.9982,2474.79842511099,933.959223014385
434665119.9939,2474.35856088928,933.656046979984
434665133.378,2475.27613214392,932.728580864727
434665139.3774,2475.33377831017,933.087069898297
434665153.2537,2486.21436367896,934.072401238305
434665160.7324,2574.91750636429,935.995461438989
434665172.5456,2595.01872745387,935.278755010536
434665186.3388,2605.75837552934,934.206184749674
434665195.7406,2609.57523194504,933.221275587535
434665205.725,2615.30353808648,933.258751479722
434665219.0912,2619.64969606512,934.450048470375
434665226.9177,2623.7124706238,949.600290267132
434665237.3116,2618.33387040578,957.735805900519
434665253.0087,2619.21355016854,956.91670224001
434665366.718,2621.78160208136,1059.31553262256
434665371.8805,2598.28020626408,1009.64799639062
434665385.895,2598.40513689203,1014.48821148421
434665393.7834,2580.57832686025,1042.76913887133
434665405.5239,2581.86501659159,1039.1218897941
434665420.0923,2587.44506713396,1025.86506128448
434665429.0219,2583.8361656498,1034.58828903106
434665438.9159,2600.72224903581,1003.55078300899
434665452.7546,2611.83537464415,982.638648916639
434665460.4322,2619.41593443483,966.905411695691
434665474.5784,2624.3424508011,957.518289732928
434665486.7073,2624.59771650769,956.343304427806
434665493.7903,2628.23531319602,950.474328602058
434665505.5767,2636.64670832174,936.997806094351
434665519.7327,2647.46373070858,918.645462572979
434665527.0737,2649.03560341016,919.05629964222
434665539.0642,2649.21723369397,918.05263158579
434665566.6325,2649.61888242318,917.856181375201
434665572.237,2649.1254720337,919.401234241086
434665586.1638,2649.4971952246,919.549051430414
434665597.3413,2650.9156919273,917.864025361431
434665605.4055,2651.04910423293,917.678007314099
434665619.9773,2651.06814752993,917.126319469057
434665626.9964,2651.25531438724,917.08236391256
434665642.9561,2652.0120703727,916.842318304961
434665652.0604,2652.4741344229,916.708317830227
434665673.8839,2655.11856630778,916.195610846224
434665684.5755,2655.67501448476,916.619602829236
434665693.7146,2655.51045737953,916.668500033369
434665718.7913,2655.08514605879,915.334014435854
434665727.2162,2654.07831516568,914.829685800603
434665739.2131,2654.68070487668,914.907605478452
434665766.6104,2654.19173379931,914.915335697043
434665772.1721,2654.15025854906,914.506262927666
434665784.466,2653.69008138483,914.564241552362
434665797.787,2653.3761245545,914.428840977834
434665805.3549,2653.32618550982,914.788452122084
434665818.6074,2653.57737260613,915.155631124548
434665826.9503,2658.62218953099,915.29604760645
434665839.2266,2666.65366607071,915.660344713471
434665852.9512,2727.75154191438,916.819645608018
434665874.4639,2732.06672126842,916.934894343091
434665885.8792,2747.89880358756,916.946266149023
434665893.4492,2757.97371929525,917.085371994216
434665905.592,2763.12534999344,917.276773333088
434665918.7837,2789.73398238163,918.251945466582
434665927.0214,2789.81756041984,918.306228076604
434665938.6099,2789.49188692513,918.112005383002
434665951.9864,2790.64454829563,918.006694757992
434665967.1189,2790.15549872151,918.405859070732
434665971.9649,2790.65175579688,919.643909730847
434665985.1409,2791.05113565399,919.700648952164
434665993.3654,2791.35503488732,919.550200954696
434666005.395,2790.85077316466,920.257221814793
434666017.8211,2790.76658206826,920.562840233787
434666026.8989,2789.69696352311,918.63917587694
434666038.6911,2793.9345235642,919.78631409423
434666052.2878,2819.6792327749,920.548609675704
434666060.071,2824.57971002962,920.325498917747
434666075.8685,2833.6508725022,921.010277097833
434666087.243,2835.50894915721,921.228118123369
434666093.9819,2842.08479119323,922.608398511363
434666106.4302,2845.28690440882,923.622281229353
434666118.3865,2848.35492436163,925.05533658438
434666126.703,2848.90058215376,925.226448483966
434666153.6161,2850.57933553005,923.42520804687
434666169.3438,2849.50725460146,923.14278691892
434666171.9058,2846.14858716751,923.750722337667
434666186.8336,2845.53130965256,923.460083865095
434666199.685,2845.96818184285,922.909839986203
434666205.4512,2843.13021430145,925.708058825963
434666218.5868,2845.30608366902,925.151210412066
434666230.7163,2863.45278647699,924.362688940595
434666238.5703,2968.45747562327,925.341183998798
434666251.9663,2978.5318500692,925.392014890745
434666260.9346,2985.27022146731,925.496680016012
434666271.7975,2999.66814462258,925.398492635048
434666285.5913,3008.38673099411,924.962760316325
434666307.1548,3021.75667787267,923.589262142807
434666318.272,3030.51513947867,920.774809135226
434666326.6565,3029.90517162726,918.453012904696
434666352.5542,3028.01842018735,917.818340452236
434666359.7099,3025.97200632876,915.797494988507
434666371.6872,3024.16718134673,915.93786261631
434666386.1177,3023.55867653419,916.071004148586
434666399.2952,3022.43558188461,916.305662149059
434666405.0432,3021.6776641469,916.01783573762
434666418.4389,3021.44208277224,915.957390350638
434666430.4163,3021.1183468321,914.887285385776
434666438.2764,3021.70199134917,915.126098635168
434666451.4316,3023.19750299626,914.894165179763
434666461.7705,3025.51133951042,914.483739229473
434666471.6028,3025.75396013834,913.977566397988
434666484.6102,3026.73614567242,913.543191775196
434666508.0786,3027.21962405811,913.292116109508
434666519.4087,3026.21180078659,915.406845371276
434666526.3922,3026.32657396565,915.700604986378
434666538.9236,3026.19733484557,915.59041947359
434666551.8433,3026.30058584789,915.750558015529
434666559.5138,3028.86584428661,917.281023956416
434666585.0538,3028.23847626267,917.241622327039
434666600.2569,3036.22999181317,917.541650423898
434666604.7836,3133.33727259862,918.074447559761
434666618.6468,3159.15206166509,916.897080155662
434666630.6762,3176.38138478286,915.559216796856
434666638.2267,3186.04374903569,914.481715022374
434666651.9953,3198.13336183916,913.407381996628
434666662.1088,3200.21742336693,911.874253346994
434666671.5473,3201.34637134468,911.422153703586
434666684.9119,3201.59891650512,911.423318531774
434666708.5205,3200.98606132282,910.333483787218
434666720.237,3201.95562943832,909.026329767618
434666726.9868,3201.95899125047,909.048453313129
434666740.1982,3200.9598322583,909.369078997782
434666750.0625,3201.21059905279,909.577706355108
434666759.4431,3201.2129537435,909.52202698667
434666772.09,3200.54810201067,909.250048213525
434666783.3042,3199.26418811042,909.615736410345
434666792.8169,3198.41189362098,909.853595170228
434666804.7837,3198.12390761448,909.982141737752
434666818.6886,3197.68633694895,909.589403869048
434666826.2307,3198.53436552301,909.362921328956
434666837.9213,3198.95537509978,909.077084652101
434666851.8091,3199.88008518448,908.856717544639
434666865.2042,3200.82363299429,908.605804388598
434666871.4135,3205.05425665771,910.506572399409
434666884.5175,3207.41278786429,910.143551293397
434666892.7635,3207.9516418956,910.369322509672
434666904.7321,3195.62060938748,908.850035456224
434666919.0948,3168.52546060819,907.217991607606
434666927.0639,3160.91397809802,906.486763558719
434666938.0724,3155.4279778465,906.08094054777
434666951.3449,3151.55861635803,905.861324873123
434666973.911,3139.622765824,905.146306173301
434666986.2793,3136.67609116196,906.226503615841
434666993.2857,3136.27179049848,907.993648983208
434667004.4812,3137.35328539717,908.76403556145
434667018.612,3135.14841210039,909.49196955144
434667026.1106,3134.76612782385,908.885237189143
434667037.5196,3134.86497351554,908.686542009604
434667051.7591,3137.60497030712,907.286879026061
434667058.7743,3137.88977001457,907.923226814775
434667070.9219,3146.44353519705,909.343909083611
434667084.5249,3167.45480754579,911.325836130192
434667097.5945,3180.73172886276,911.865180845661
434667104.424,3187.34294713483,912.501150884076
434667118.4893,3195.47709834616,912.666785471718
434667125.5157,3204.2062626823,912.749284764528
434667137.7563,3216.56091345389,913.079214979151
434667152.1787,3218.02327301504,912.306640125642
434667159.9984,3219.03258755174,912.638275026323
434667170.9684,3219.46882804284,912.278149461692
434667184.7681,3219.59896816494,912.140570751232
434667192.0693,3218.40287399893,912.46483811606
434667206.3944,3217.465955101,913.111288166651
434667217.6574,3217.56645016378,913.059974180484
434667225.3647,3218.50918416033,913.05694115723
434667237.7251,3218.67849273051,913.196083748354
434667251.8863,3218.90384259543,913.063252847984
434667258.7391,3218.73329782612,913.096110515376
434667271.2802,3219.26607612129,912.899339263547
434667299.4795,3219.13866230649,912.879004240626
434667304.1433,3217.6511532741,913.077960518428
434667317.9085,3218.35647256933,912.949380115385
434667330.0546,3240.48011147523,913.620450285624
434667337.6832,3373.68762595031,917.041194108991
434667351.0644,3379.25727609255,917.063976169677
434667359.0207,3383.61833513956,916.9869543622
434667370.846,3387.7988595588,916.775744605187
434667383.8261,3396.08617356998,916.287211077248
434667392.4037,3401.9578305794,916.001763977502
434667407.4086,3402.12917249898,916.233963296186
434667417.7542,3401.8746590025,915.575187834048
434667425.7061,3402.16480490902,915.747418133713
434667438.5089,3402.73747799688,916.015018118927
434667451.159,3404.82797464109,916.449848957051
434667459.0818,3407.30290371744,916.036565442204
434667470.6821,3408.16075045768,915.559892545991
434667484.7915,3409.62419838303,914.287067250179
434667492.0955,3409.5739746576,913.1782433133
434667503.8972,3409.97849676746,913.034403813139
434667517.9727,3409.8220878382,911.762206965904
434667525.6468,3402.78487410583,910.583006241954
434667537.3628,3398.26130662564,909.827738528323
434667551.1449,3379.36610821662,908.570797539902
434667562.6234,3353.51504250157,906.033280599115
434667570.6856,3347.77328005027,905.356607953819
434667584.5283,3343.8899521541,904.923485033007
434667592.1268,3338.08123465162,904.212542738861
434667608.7155,3330.78569975089,903.660761497133
434667618.444,3315.63109480328,902.291327360926
434667625.4542,3312.86705143062,902.521543476654
434667639.6245,3310.36737239002,902.814894547818
434667650.8744,3311.97304735313,903.163907929898
434667658.8627,3312.77806820823,903.027946707045
434667670.528,3314.62495694944,902.759356041337
434667685.481,3315.14101682798,902.48002896824
434667692.2413,3315.90935569141,901.823866115114
434667717.4613,3316.55326590082,901.071405323446
434667732.6961,3317.08804898191,900.725623433512
434667737.409,3316.09527649675,901.281571798627
434667751.4636,3317.06367506565,902.787851610034
434667758.9422,3306.53893984758,902.639760763177
434667769.4019,3289.22883554315,903.066601645449
434667784.7197,3175.30394805791,895.456128827092
434667794.4575,3187.50694499447,896.406530509366
434667803.2845,2898.29160538564,898.64868910054
434667816.4259,2770.58645386723,905.395987132635
434667825.35,2550.94217160116,922.772647077348
434667836.9934,2474.75998794907,930.214964646263
434667849.6174,2357.06648560603,940.513369746329
434667858.7429,2316.39460189206,944.686827075403
434667871.5436,2258.64333922703,949.061239750813
434667883.9332,2200.46925067207,955.160316711024
434667892.0147,2243.61479751397,949.818042603956
434667903.8559,2175.50471501119,958.277764336167
434667917.6502,2182.62028385822,957.164485914831
434667925.435,2147.67980174249,955.834867131706
434667936.8516,2146.88102577834,955.816685851156
434667951.7244,2147.33641181571,955.438307898229
434667958.7964,2146.86491040403,955.158894043796
434667970.2388,2147.04324444957,954.988780192939
434667984.7768,2146.37005703379,953.05718347769
434667992.0844,2146.36807069908,952.469026927951
434668003.4677,2146.32679882918,952.640635055176
434668017.9479,2147.58813192436,953.574656367667
434668025.4714,2150.18525677479,956.589248670482
434668036.9791,2146.01641319327,958.180552480128
434668051.1294,2136.63001547873,960.893058748966
434668058.7569,2134.76650556613,961.011043346459
434668071.2411,2129.49282777669,962.017227113948
434668084.2599,2124.87251450957,964.112598020875
434668091.9815,2123.24084712816,965.210899856571
434668117.8562,2122.53173116912,965.538982286016
434668120.4991,2118.64922172537,966.103763090292
434668126.5554,2118.37988007078,966.10803608558
434668136.5906,2117.23061832075,967.108220800318
434668150.2875,2117.09813027771,968.340830433158
434668163.8475,2117.34631927353,968.394254739163
434668168.2134,2118.17838970013,968.412605563612
434668302.7513,2240.53819897415,1432.65233251858
434668317.4883,2272.16092341675,1283.7401506278
434668324.792,2271.37816767923,1252.53536687602
434668336.2796,2277.03253739662,1165.12612519904
434668351.0834,2283.83512093838,1086.97487676234
434668364.0919,2289.73398997808,1046.06133821294
434668369.9668,2291.46804118737,1030.29365088917
434668384.1978,2292.46080917005,1022.04105643599
434668391.6225,2299.2646706039,1003.57545718855
434668403.1984,2300.65130644385,998.100268442701
434668417.1271,2301.99674354825,993.626385645501
434668425.001,2304.10097639949,992.534955198506
434668441.6659,2306.93766619387,985.665899188467
434668450.3735,2309.38304797605,980.378136727358
434668458.241,2309.43401146607,980.477894669826
434668471.0387,2310.73434288626,976.260646849738
434668483.5264,2310.43127337482,975.497146218563
434668491.6642,2307.72691455796,974.530946891654
434668517.3031,2307.90177385342,974.512201089431
434668533.1403,2308.03946819891,973.462746723578
434668536.4917,2307.96921964785,972.674054652884
434668550.1304,2307.83635148641,971.630845349979
434668558.5105,2308.11433645542,970.449964390213
434668569.7978,2310.04800774442,968.565122109239
434668583.6737,2311.73355747176,967.746504652331
434668594.786,2310.53149647718,965.534603732906
434668603.037,2311.94188992674,965.749297969792
434668616.1831,2321.12594770703,966.052382020732
434668624.7939,2359.86005260199,967.68093578687
434668641.1212,2411.10478363756,966.476061039045
434668650.0804,2419.38025654865,966.214572178644
434668658.1223,2430.47276119856,965.801373253189
434668671.5799,2435.18924169369,966.010178460538
434668684.13,2439.98642426357,966.243666372218
434668691.4913,2448.51917530367,965.963643009045
434668703.0932,2449.87795160248,966.113837591145
434668717.6245,2448.14856944757,966.153309065407
434668724.9224,2451.37669950343,967.13535286849
434668736.2258,2451.87192916916,967.739423755391
434668749.9316,2452.1817593933,967.942655097737
434668764.5068,2452.10275714977,968.166606566309
434668769.6722,2452.28601360994,969.080022006589
434668783.8421,2452.44979054662,969.342104819053
434668796.3498,2452.91314587245,970.062727103922
434668803.0432,2453.22932647895,969.494692168378
434668816.4255,2454.4291104032,969.320106457026
434668826.7981,2463.28910996087,970.324386801659
434668836.1559,2503.50828015382,969.220570974395
434668850.0323,2510.6198219798,969.041958009822
434668873.5523,2522.19368608256,969.277799376108
434668882.6313,2537.27300926164,970.847247123769
434668891.202,2543.13077761152,971.981419645453
434668904.5009,2548.31390992616,972.567227515913
434668915.7027,2548.66815384709,972.358530652889
434668924.4835,2548.88888493577,973.198827962926
434668950.696,2549.45938619399,973.316566325459
434668957.8766,2549.97526461679,973.346873737782
434668969.3928,2549.25119711343,972.959778005824
434668983.3083,2549.44223315255,973.090864443148
434668997.9648,2549.76799450364,973.196092396916
434669002.7126,2549.8045888301,972.535625129067
434669016.3997,2551.02762610167,971.572380988948
434669024.6625,2550.81311032932,971.590989733525
434669036.1127,2551.3713991488,971.413862564782
434669049.1826,2550.99808324696,971.975492284961
434669058.6609,2552.36750818713,971.47554710017
434669069.3366,2552.27668891942,971.445114882145
434669082.7887,2553.94408162503,971.475315222421
434669091.2886,2579.60908064729,971.145878610591
434669102.9026,2751.37858579941,970.141754345475
434669116.6108,2771.90038128489,971.324859279418
434669124.5464,2785.65581490296,970.814141699595
434669136.1482,2792.97093072713,970.060682677104
434669149.9821,2802.74914227115,968.712471085798
434669157.7834,2804.29389630275,968.283432515358
434669169.4862,2805.44081609401,968.235157431788
434669199.022,2805.59735343161,968.574069536761
434669202.7908,2805.85577363883,965.527769475777
434669216.286,2806.79730744558,965.082954224687
434669224.5302,2807.02062231346,964.975770081291
434669235.9926,2808.1244207012,964.402019886918
434669250.5868,2808.87591660373,964.270631718963
434669257.7762,2809.35180246032,964.111633664486
434669269.4514,2811.99347577134,963.833619950119
434669282.5662,2812.91401109032,963.439044425728
434669306.1388,2807.44105662992,964.60771245129
434669315.5027,2798.14528064987,963.564731087477
434669324.3972,2789.94092915292,963.261138137525
434669336.8828,2786.10587180639,963.069232890086
434669349.4731,2775.352459218,962.974475373676
434669357.7236,2770.04712537421,962.88460442576
434669369.3993,2765.341939885,962.367450268849
434669399.0038,2765.33472035193,961.930153538445
434669402.6235,2766.14477910446,961.345780214881
434669416.7319,2765.6198831664,961.105643132564
434669424.483,2767.77203390011,958.618104057203
434669435.8934,2773.42562397848,957.230496517516
434669450.1878,2785.44219519434,957.028867758727
434669457.482,2793.72127104536,957.069489266679
434669469.2636,2872.8783433183,961.616688744442
434669483.1179,2887.24818529645,961.428484399529
434669490.8803,2898.32686105856,961.403756890262
434669506.6176,2905.23774537072,961.308414616541
434669516.5797,2917.14660382855,961.998483056264
434669524.2244,2953.18449183747,963.902379333037
434669537.2102,2957.54578230151,964.47086675546
434669550.4716,2959.77444662071,963.119597052221
434669557.7338,2962.08777629885,963.250802161981
434669583.1864,2963.02319640559,962.686402542044
434669585.8474,2964.04667699562,963.309806396029
434669591.7598,2964.54479851049,963.382933882558
434669602.7353,2965.04436636991,963.608063311174
434669630.1161,2966.30866306295,963.085945291615
434669635.9843,2966.98481055967,961.587092651446
434669649.5806,2967.16486270689,961.537153784387
434669657.64,2966.39806579925,961.689467947558
434669669.0765,2966.55387365019,961.647273280182
434669682.8094,2967.25941929269,961.004049419816
434669691.1172,2967.40700613493,960.171009033561
434669702.4558,2967.24581008582,959.798956621431
434669716.0926,2966.70383126107,959.932521902625
434669723.9915,2966.360984042,959.901196291135
434669737.8826,2967.40292967892,959.916240083993
434669749.7225,2982.3580609116,960.476143694245
434669757.3575,3045.41105322111,960.94817596936
434669782.9724,3089.8202955991,959.069529946253
434669790.7616,3129.89990003345,957.399327197904
434669802.157,3139.69480706018,957.363666333489
434669830.4703,3150.23424501592,957.583354763958
434669835.4881,3158.95643887811,956.876567658565
434669849.6155,3159.26629834495,956.707838523807
434669857.2735,3158.95753012284,958.415417677975
434669869.0576,3159.51625881023,959.270291350517
434669882.0061,3160.75857001266,959.716515726507
434669892.1098,3160.95124751538,959.87009458479
434669902.0828,3161.93436966802,959.987588694859
434669916.052,3162.2406653935,960.327526713563
434669923.6649,3162.45327739574,960.951644638921
434669937.9042,3163.12778658228,960.854403719991
434669948.6841,3164.74231788,960.853686672584
434669956.7698,3168.38606005106,959.218777430032
434669982.3794,3168.89730319783,958.768167929966
434669990.5241,3171.85235229289,957.010365320667
434670002.7899,3228.33734704608,950.004760826125
434670015.6514,3330.92742854031,953.168607688712
434670023.6103,3358.39092064788,954.83063729494
434670035.4103,3369.38576983328,955.489846825844
434670048.924,3381.55813311128,956.565053823308
434670057.1213,3398.31061563711,957.851705295352
434670068.6515,3410.44509270306,958.772322075647
434670081.7509,3437.84797908756,961.26476347828
434670090.5249,3493.04079911251,966.105188983538
434670102.031,3494.42318871383,966.997606781096
434670116.3396,3493.53533114127,968.122723240174
434670123.8062,3494.37933923253,968.894090480766
434670139.2127,3492.50753829959,969.703679890261
434670149.6362,3492.16897546561,969.89863874209
434670157.1068,3491.79191674062,969.816745937585
434670169.6054,3492.4119925257,969.590093508011
434670183.1335,3492.59240259598,969.665556509606
434670190.48,3492.74500869317,969.165768926038
434670216.5119,3492.05940116065,968.26099228538
434670223.2356,3492.46899390225,967.964095957038
434670235.2986,3494.47077882394,968.8546450591
434670264.2895,3493.77691931825,968.511216560168
434670268.6026,3585.74687159522,1023.68427439207
434670282.0151,3590.4552512985,1025.87045156432
434670294.9219,3594.05102060758,1027.85648113122
434670301.9771,3599.41219930691,1031.45434246793
434670315.0069,3602.27503190131,1032.52347687579
434670326.838,3606.9698979546,1034.15090161267
434670335.2774,3611.00542832756,1032.61582052658
434670348.8935,3613.42891009972,1032.24213652781
434670357.0645,3611.70510261137,1031.75936510969
434670368.3511,3608.24501892211,1033.11068084916
434670381.4648,3609.52534791325,1032.27555016109
434670390.1404,3609.25110658886,1031.76259599663
434670403.1417,3607.87561455332,1031.9074120201
434670415.6823,3607.70843013033,1031.9486419325
434670423.4566,3607.03221871527,1030.46551971264
434670449.6023,3606.70731492379,1029.86783476191
434670452.3535,3606.8355946213,1030.46520091978
434670457.1115,3607.52840854287,1031.65637267461
434670468.1712,3607.86637077159,1031.53320442837
434670495.6102,3608.5362034411,1030.68975610243
434670501.6723,3611.09182452451,1031.67525496499
434670514.8341,3611.31174316094,1031.78537926501
434670526.6434,3610.60077654129,1031.53485216446
434670535.0384,3611.24914454095,1031.58119394967
434670548.2851,3610.3248874208,1031.23463235524
434670558.4963,3610.00572070058,1030.80436867747
434670568.2707,3609.06279062215,1030.2054164417
434670582.119,3609.69059921759,1030.3769856741
434670604.6661,3609.88964086836,1031.2285936924
434670615.2191,3609.69604500973,1032.25285720582
434670623.1898,3609.939054068,1032.18207235318
434670636.3447,3612.93706878053,1031.8632785922
434670648.4459,3613.27340934627,1031.87364786745
434670656.3802,3612.33843808801,1031.57658076751
434670682.3078,3612.26842328364,1031.61684690566
434670697.757,3612.84516125767,1031.6526303266
434670701.4761,3613.78986553756,1031.66076113897
434670729.1406,3614.22137608762,1031.64291842896
434670735.0708,3615.93086991101,1031.19750985733
434670748.2922,3616.62887710826,1031.27462757636
434670756.7174,3618.74422743053,1030.80727443167
434670768.1704,3620.56711575843,1030.51262975149
434670781.9521,3628.59898824023,1030.61626156207
434670789.9623,3647.57249296155,1030.96546555766
434670805.5121,3648.80463479732,1031.16087346454
434670814.0943,3652.05850443047,1030.72309495311
434670823.2308,3654.63815646616,1030.57512789898
434670837.0016,3656.99933261328,1030.46672793499
434670848.056,3657.76910858075,1030.22305076069
434670856.5122,3659.16472347418,1029.64040114093
434670881.9309,3659.83469064104,1029.22344793038
434670889.605,3659.84889657459,1030.24491172271
434670901.4529,3660.72075441206,1029.5474247343
434670928.9807,3660.9740650166,1028.6189025651
434670934.7275,3660.86927353234,1027.50051167136
434670947.7793,3660.95021384249,1026.91662260605
434670959.5384,3661.8968802074,1027.02311360256
434670968.3287,3661.66136041024,1027.58384898224
434670981.3395,3662.1319582005,1027.54439147022
434670990.6799,3662.23479280817,1027.06829305296
434671001.6018,3661.71758313564,1027.23968826784
434671014.6521,3661.56996159334,1027.18136888434
434671023.2529,3661.35775293923,1027.11994886383
434671037.0737,3659.00708933071,1026.17514149515
434671046.973,3659.1241742125,1026.65831279314
434671056.2986,3658.90977969408,1027.13407233238
434671068.0293,3658.61371179483,1029.1184167108
434671080.0865,3658.58622373408,1029.74824875035
434671089.7037,3658.74626612074,1031.06228373833
434671101.2556,3658.53220697995,1032.55815276314
434671115.5126,3658.97542771132,1033.30521026724
434671123.0753,3658.78620653537,1032.423922717
434671134.5212,3659.0615820668,1032.87264887004
434671147.9351,3659.04069131569,1033.03645502284
434671156.2112,3658.85224623696,1033.19404736727
434671167.9196,3659.01624051275,1033.52063751559
434671181.8152,3658.59744156524,1032.35219808405
434671191.6249,3658.24350243097,1032.23983749948
434671201.2741,3658.43211614642,1032.12529440247
434671214.8137,3658.86732581668,1032.37702070457
434671237.4697,3658.91674574106,1032.79556476823
434671247.6889,3658.86805887506,1033.68334282299
434671256.3469,3658.89907147649,1034.28543943761
434671268.8317,3657.1259428502,1036.03779247477
434671281.8498,3656.27472004549,1037.24799718979
434671289.5095,3654.98627319659,1036.55522228004
434671315.6265,3654.80934079562,1036.66330434572
434671322.7949,3574.98158383351,992.543457426358
434671334.5591,3573.88000022861,992.037818293814
434671348.8955,3573.20155619378,991.125011164942
434671356.0113,3572.93659888708,990.80009730116
434671367.9797,3571.73929080855,989.80616246296
434671381.7176,3569.69287439316,988.225425229235
434671389.4239,3571.52453032396,988.005766626544
434671401.1407,3572.49192316618,988.023344092735
434671414.1876,3572.26155091068,987.905609778883
434671423.7247,3572.00247391251,987.269077869876
434671434.9426,3570.75839526446,986.777183044687
434671448.3201,3517.8361744779,981.235668358575
434671470.6084,3343.99247836508,969.848210124059
434671481.1785,2870.16188867979,964.952377364509
434671489.4219,2819.14334145684,967.066118643698
434671501.2935,2728.13244525339,971.471482706522
434671515.0721,2663.08184371519,973.804609783745
434671522.6467,2669.00166720124,973.947946566416
434671548.4383,2508.59496368406,979.620488045007
434671556.1335,2314.52776499789,992.057883802482
434671567.5896,2291.23364301215,995.034762130271
434671581.1592,2276.895394595,997.689348606765
434671589.2522,2273.94586402597,997.918889527912
434671601.1744,2272.79638928445,997.293810484088
434671614.0649,2276.60076163405,997.61264590092
434671625.9707,2276.40427074413,997.649865313402
434671634.2878,2268.52674526002,1000.8292745981
434671647.8798,2262.34281603632,999.505514905703
434671656.5476,2247.40583232881,999.925439047745
434671667.5986,2229.50494902869,1001.16076731715
434671680.9274,2215.87452171369,1002.57801483454
434671689.2428,2199.76893532219,1004.58436886493
434671703.5453,2178.22193484038,1007.300839833
434671714.7326,2169.78008360527,1008.03218281767
434671722.5615,2132.3160339295,1012.19128753429
434671734.2264,2124.70644384258,1012.65082278996
434671747.7171,2124.89151070837,1013.39387071698
434671756.0122,2124.59898117695,1014.59332161186
434671781.7763,2126.19253831066,1014.72749157844
434671783.8268,2125.96484732987,1015.28096352644
434671787.474,2126.90583004839,1015.50488953307
434671891.0417,1902.49356617647,443.835789269166
434671900.5658,1941.05236746917,405.561894247068
434671913.8905,1962.13513113705,371.203837513941
434671937.9551,1984.81499616667,335.301066442399
434671947.7805,1966.7042388251,362.832320815735
434671955.9391,1981.09828163873,338.527907332808
434671968.2184,2009.77538835902,292.242089146201
434671981.354,2031.20884575899,257.825371278807
434671989.1849,2042.70327444854,239.298925269743
434672015.1953,2053.26117465221,222.297732688918
434672022.5199,2058.03792105982,221.316075963788
434672034.8233,2057.66002865902,221.812152273479
434672046.6109,2059.053623241,224.529319691268
434672056.2983,2059.19290657556,222.841379186764
434672067.8062,2058.03068267188,223.159551237079
434672093.5332,2057.33042642403,222.866981562044
434672100.7888,2052.39407821506,222.588005854931
434672112.7899,2051.62107920595,223.45518007768
434672124.448,2052.83684920227,224.242332950435
434672134.1325,2053.74933664349,224.665666352809
434672146.0377,2057.09027515023,225.657183642328
434672171.3453,2056.43430509649,225.413289880306
434672179.5114,2058.21495926031,227.099248049256
434672189.3518,2058.64741999332,228.423930130722
434672202.2569,2060.65148595808,229.537860715161
434672212.796,2060.84360681886,229.869196932001
434672222.4615,2061.90925054575,232.930193218321
434672247.2307,2062.88284886221,234.504330303671
434672255.8801,2064.66539631232,237.860448374646
434672267.3852,2064.80736121338,238.353387607905
